[0.50003844, 0.49965465, 0.49877617, 0.24907722]
[0.50000834, 0.49944624, 0.49898446, 0.248584]
[0.50000983, 0.49931583, 0.49930945, 0.2487485]
[0.50010735, 0.49967945, 0.49988154, 0.2488811]
[0.5000732, 0.49986708, 0.5003168, 0.24921954]
[0.49988475, 0.49982053, 0.50097144, 0.24889791]
[0.5000719, 0.49958336, 0.50164026, 0.24895027]
[0.49967384, 0.499188, 0.5022229, 0.2485936]
[0.4995938, 0.49866414, 0.5032632, 0.24817055]
[0.4997418, 0.49918368, 0.5039658, 0.24782798]
[0.4995818, 0.49940515, 0.5046638, 0.24725904]
[0.49952188, 0.49885306, 0.5052248, 0.24718459]
[0.49945238, 0.4982726, 0.50599784, 0.24740121]
[0.4995601, 0.49789098, 0.50649047, 0.24691913]
[0.4995386, 0.49788406, 0.506895, 0.24646717]
[0.4993819, 0.49791574, 0.5073931, 0.2464365]
[0.498838, 0.49712747, 0.50799346, 0.2464882]
[0.4989207, 0.49674153, 0.50843614, 0.24682696]
[0.49873164, 0.49654713, 0.50906646, 0.24705508]
[0.49843177, 0.4962386, 0.5093052, 0.2472327]
[0.49810582, 0.49648628, 0.50985616, 0.24702226]
[0.4983622, 0.49617237, 0.5106441, 0.24723408]
[0.49807176, 0.49571586, 0.51086605, 0.24718983]
[0.4973656, 0.4959292, 0.5115593, 0.24685206]
[0.49673903, 0.49619967, 0.5117746, 0.24696697]
[0.4971028, 0.4962371, 0.5124011, 0.24685644]
[0.49663097, 0.49644896, 0.51280874, 0.24648127]
[0.49688354, 0.4963176, 0.5128949, 0.24643388]
[0.49673644, 0.49661642, 0.5128808, 0.24631657]
[0.4969816, 0.49661937, 0.513518, 0.24594724]
[0.49714768, 0.4964821, 0.5130119, 0.24567959]
[0.49716523, 0.4962676, 0.51287025, 0.24585885]
[0.49708894, 0.49584088, 0.5132164, 0.24578889]
[0.49687684, 0.4959485, 0.5135461, 0.24585201]
[0.4968784, 0.49506363, 0.5137072, 0.2457746]
[0.49644908, 0.49463803, 0.51383007, 0.24555299]
[0.49636593, 0.49419123, 0.5141021, 0.24547513]
[0.4964214, 0.49427855, 0.51385176, 0.24529025]
[0.4963854, 0.49379498, 0.5136997, 0.24523386]
[0.49643672, 0.49329045, 0.5144643, 0.24552606]
[0.49609858, 0.49316785, 0.51405126, 0.24545735]
[0.4962209, 0.49283352, 0.5125958, 0.24562815]
[0.4963449, 0.49328813, 0.51259327, 0.24563181]
[0.49661028, 0.49352655, 0.51293826, 0.24565881]
[0.4961397, 0.49406508, 0.5130398, 0.24530211]
[0.496046, 0.49325055, 0.51344883, 0.24513718]
[0.49577108, 0.49328762, 0.5134952, 0.24530087]
[0.49542317, 0.493318, 0.51320744, 0.24564469]
[0.4953122, 0.49269003, 0.51316667, 0.24558923]
[0.4953198, 0.49252802, 0.51366293, 0.2459303]
[0.49534366, 0.49282938, 0.5131616, 0.2463685]
[0.49584895, 0.4935787, 0.5136197, 0.24589007]
[0.49550846, 0.49353495, 0.5138846, 0.24572699]
[0.49535954, 0.49293256, 0.5134095, 0.24554232]
[0.49581996, 0.4920818, 0.5132441, 0.2455008]
[0.49568874, 0.4920415, 0.5140656, 0.24541982]
[0.49574906, 0.4919925, 0.5139118, 0.24543229]
[0.4965202, 0.49198824, 0.51402366, 0.24552639]
[0.49629584, 0.4916959, 0.51461565, 0.24547943]
[0.4961439, 0.492003, 0.51442254, 0.24539997]
[0.49577945, 0.49123868, 0.5142936, 0.24561799]
[0.49555734, 0.49108002, 0.5148027, 0.24573344]
[0.49603316, 0.4910136, 0.5153884, 0.24580653]
[0.49601087, 0.4913194, 0.5153439, 0.24607462]
[0.49640495, 0.49031606, 0.5163959, 0.2463487]
[0.49619773, 0.4901743, 0.5159422, 0.2461711]
[0.49644038, 0.4889234, 0.5163193, 0.24587864]
[0.4960659, 0.4888197, 0.5162801, 0.24578282]
[0.49607888, 0.48907015, 0.5165026, 0.24584194]
[0.4966427, 0.4893204, 0.51615894, 0.245892]
[0.49596348, 0.48883617, 0.5163101, 0.24633391]
[0.4958564, 0.48875675, 0.5156377, 0.24640816]
[0.49531773, 0.48802504, 0.51505655, 0.2469843]
[0.49525625, 0.4882994, 0.51477635, 0.24675514]
[0.49568427, 0.488141, 0.5148276, 0.24616009]
[0.49557927, 0.48777804, 0.5150898, 0.2454932]
[0.4957417, 0.48747754, 0.51468855, 0.24509066]
[0.49552515, 0.4873744, 0.5147419, 0.24523531]
[0.4953179, 0.48739156, 0.5153362, 0.24544823]
[0.4954703, 0.48817706, 0.51507235, 0.2454754]
[0.49593294, 0.4889604, 0.5143015, 0.2451175]
[0.49600908, 0.48893616, 0.5142507, 0.24514876]
[0.4962616, 0.4884487, 0.51428056, 0.24488698]
[0.49610123, 0.48845232, 0.5135075, 0.244963]
[0.49718857, 0.4879511, 0.51361954, 0.24498826]
[0.49770814, 0.48840845, 0.5133697, 0.24497265]
[0.49734646, 0.48790896, 0.51301295, 0.24498856]
[0.49761522, 0.48698393, 0.5120423, 0.24468072]
[0.49702656, 0.4870755, 0.51152086, 0.24464108]
[0.4978179, 0.48683658, 0.5113979, 0.24425451]
[0.4982668, 0.48632076, 0.5118095, 0.24406464]
[0.4985721, 0.48472977, 0.511158, 0.2442663]
[0.49814096, 0.48462054, 0.51136667, 0.24425893]
[0.4984335, 0.48438138, 0.5106306, 0.244204]
[0.49804583, 0.48516458, 0.5095474, 0.24448931]
[0.49795386, 0.48487133, 0.510359, 0.24456282]
[0.49802616, 0.48461655, 0.50929546, 0.24499686]
[0.4987875, 0.48474813, 0.5094178, 0.2456074]
[0.49898162, 0.4840628, 0.5092721, 0.2457708]
[0.49918246, 0.48395663, 0.5088644, 0.24586086]
[0.49920598, 0.48343286, 0.50922304, 0.2458017]
[0.4997132, 0.48282847, 0.5091315, 0.24667278]
[0.49988776, 0.48289302, 0.5096151, 0.24664523]
[0.49950606, 0.48258597, 0.5085761, 0.24661951]
[0.49877965, 0.48239455, 0.5086381, 0.24650481]
[0.49887046, 0.48263654, 0.5084201, 0.24601085]
[0.49841964, 0.48233923, 0.50797296, 0.24613553]
[0.49800006, 0.48239407, 0.5075661, 0.24603955]
[0.49831632, 0.4821748, 0.50851136, 0.24584617]
[0.49804676, 0.48235294, 0.50859565, 0.24597286]
[0.49810845, 0.48153204, 0.5075768, 0.24617973]
[0.49846652, 0.48137528, 0.5071075, 0.24610059]
[0.499132, 0.4822543, 0.5072375, 0.24626924]
[0.49838313, 0.48172498, 0.5065961, 0.24662465]
[0.49924633, 0.48132932, 0.5072523, 0.2465123]
[0.49981573, 0.48192877, 0.5070618, 0.24677452]
[0.5004588, 0.4810164, 0.5056854, 0.2470982]
[0.49989718, 0.48167762, 0.5054218, 0.24719813]
[0.49940595, 0.4815885, 0.50496244, 0.24708644]
[0.50009614, 0.4815189, 0.5048157, 0.24696024]
[0.50006723, 0.48141637, 0.5050796, 0.24669723]
[0.5002267, 0.4806716, 0.5047048, 0.24691506]
[0.5008285, 0.480342, 0.50439364, 0.2470195]
[0.50136834, 0.4798216, 0.5038235, 0.24741076]
[0.50103056, 0.47949892, 0.50378686, 0.24743314]
[0.5012092, 0.47865137, 0.5038429, 0.24626249]
[0.500662, 0.47909603, 0.50389576, 0.24679954]
[0.50055563, 0.47881162, 0.5033085, 0.24664918]
[0.5011037, 0.47894448, 0.5024562, 0.24631803]
[0.50116926, 0.47836736, 0.5015844, 0.24634488]
[0.5011561, 0.47771704, 0.5014188, 0.24629226]
[0.50143784, 0.47740933, 0.5020015, 0.24588048]
[0.50139886, 0.47708172, 0.50138056, 0.24567594]
[0.5005527, 0.47749674, 0.5012446, 0.24527915]
[0.49999598, 0.4777192, 0.50071293, 0.24605791]
[0.50021076, 0.47843212, 0.49903092, 0.24539037]
[0.50095963, 0.47833222, 0.49975526, 0.24501915]
[0.5008, 0.47805068, 0.49887088, 0.24508497]
[0.5014429, 0.47715315, 0.49829575, 0.24520841]
[0.5016295, 0.47683153, 0.4976096, 0.24514627]
[0.50184417, 0.47625154, 0.49718848, 0.24483904]
[0.5024469, 0.4761585, 0.4974387, 0.24462281]
[0.5028436, 0.47597286, 0.49752867, 0.24424708]
[0.5028439, 0.47611278, 0.49603468, 0.24413821]
[0.5025607, 0.47598395, 0.4953567, 0.24407274]
[0.5029152, 0.47611055, 0.49521437, 0.24430583]
[0.5032979, 0.47554854, 0.49381882, 0.24439323]
[0.50359267, 0.47532132, 0.49302056, 0.24460024]
[0.5041361, 0.47569296, 0.49195856, 0.2445247]
[0.50393003, 0.475094, 0.49207428, 0.2444639]
[0.50355107, 0.47549057, 0.49189857, 0.24458683]
[0.50334644, 0.475103, 0.49150348, 0.2453632]
[0.5036096, 0.4746509, 0.4906836, 0.24487147]
[0.50157535, 0.47463542, 0.49078026, 0.24363987]
[0.501444, 0.47567582, 0.48999047, 0.2437759]
[0.5013211, 0.47518504, 0.4897296, 0.24372748]
[0.5019303, 0.47596428, 0.48948157, 0.24433269]
[0.50193644, 0.47597396, 0.48949268, 0.24413891]
[0.5009141, 0.4755005, 0.48878807, 0.244481]
[0.5013559, 0.4772031, 0.48836988, 0.24412583]
[0.50137323, 0.47645366, 0.4876602, 0.24401471]
[0.50142074, 0.47589418, 0.48757264, 0.24474108]
[0.50105494, 0.47632313, 0.4870366, 0.24471684]
[0.5010384, 0.4762827, 0.48686323, 0.24485196]
[0.5018866, 0.47628534, 0.4877625, 0.24512777]
[0.50236046, 0.4764257, 0.48633334, 0.24431793]
[0.5032875, 0.47635663, 0.4853706, 0.24340118]
[0.5030968, 0.47656977, 0.48435417, 0.24278875]
[0.50397974, 0.47655556, 0.48486984, 0.24399178]
[0.5038413, 0.47581115, 0.48478967, 0.24395597]
[0.504224, 0.47672004, 0.48464468, 0.244078]
[0.504244, 0.47680947, 0.48424333, 0.24263217]
[0.5042564, 0.47618803, 0.48421273, 0.24241377]
[0.5039766, 0.47588378, 0.4841565, 0.24263045]
[0.50408626, 0.47581998, 0.48391533, 0.24297568]
[0.5038583, 0.4754577, 0.4833225, 0.24244134]
[0.5039367, 0.47589535, 0.48291096, 0.24114336]
[0.5035775, 0.4757938, 0.48288554, 0.24085683]
[0.50390834, 0.47545993, 0.48210654, 0.24098212]
[0.5040056, 0.47635692, 0.4815888, 0.24037032]
[0.5038058, 0.47618932, 0.48138675, 0.23981874]
[0.5040902, 0.47707343, 0.4810225, 0.23867048]
[0.50504637, 0.47650754, 0.480915, 0.2398465]
[0.5045565, 0.47615898, 0.48024154, 0.2425397]
[0.5036885, 0.4764282, 0.47960806, 0.24343272]
[0.50372237, 0.47618982, 0.47872514, 0.24307126]
[0.50397056, 0.47619566, 0.47919688, 0.24391544]
[0.504598, 0.47663438, 0.47798854, 0.24348085]
[0.50453746, 0.47715676, 0.47687387, 0.244397]
[0.5046201, 0.47706962, 0.47621256, 0.2436773]
[0.5047359, 0.47744334, 0.47522256, 0.24292688]
[0.5047592, 0.47810045, 0.47535592, 0.24270023]
[0.5040972, 0.47768453, 0.47527045, 0.24337679]
[0.50412077, 0.47724286, 0.4754865, 0.24348487]
[0.5037814, 0.47751796, 0.47553957, 0.24357355]
[0.50363886, 0.4768111, 0.4752385, 0.24359487]
[0.5036125, 0.47723532, 0.4749714, 0.24380626]
[0.5037739, 0.47788927, 0.4745666, 0.24441198]
[0.5042626, 0.47810468, 0.47423342, 0.24368414]
[0.50490487, 0.4780831, 0.47430035, 0.24383824]
[0.5046141, 0.47871116, 0.47353142, 0.2434885]
[0.504272, 0.47853014, 0.47304887, 0.24437818]
[0.5039365, 0.477536, 0.47263718, 0.24429196]
[0.5043612, 0.477335, 0.4731413, 0.24421026]
[0.5049628, 0.4780247, 0.47221282, 0.24429056]
[0.5047328, 0.47779188, 0.47235462, 0.24406458]
[0.5049988, 0.477957, 0.47215477, 0.24429855]
[0.5056452, 0.47820866, 0.4708232, 0.24428256]
[0.505821, 0.47826245, 0.4708597, 0.24386866]
[0.50578135, 0.4783322, 0.4707489, 0.24405153]
[0.50580204, 0.47770837, 0.47088322, 0.24399567]
[0.5060612, 0.47776493, 0.47025242, 0.24438833]
[0.50580025, 0.4773048, 0.4697864, 0.24450302]
[0.5056393, 0.47679046, 0.46943587, 0.24518652]
[0.50632095, 0.4763643, 0.46916175, 0.2450342]
[0.50666994, 0.47624177, 0.46783257, 0.24507205]
[0.50685763, 0.47671247, 0.46809182, 0.24499626]
[0.5067669, 0.47762313, 0.46741483, 0.24472232]
[0.5061467, 0.4774258, 0.46689805, 0.24487902]
[0.5060776, 0.47755894, 0.4665751, 0.244773]
[0.50644666, 0.4774087, 0.46556953, 0.24441321]
[0.50657403, 0.47759053, 0.46531048, 0.24457191]
[0.5058294, 0.47687784, 0.46548876, 0.24553151]
[0.50462747, 0.4769544, 0.46456468, 0.24640621]
[0.50487316, 0.47661778, 0.46316677, 0.24709667]
[0.5049885, 0.47661167, 0.46230593, 0.24750392]
[0.50527644, 0.47740737, 0.46063718, 0.24799271]
[0.5056255, 0.47736466, 0.46042785, 0.24790841]
[0.50555897, 0.47721776, 0.46004665, 0.24806331]
[0.50515634, 0.4770337, 0.45981887, 0.24813758]
[0.5054436, 0.47749826, 0.45913085, 0.24840882]
[0.5055039, 0.47631788, 0.45848897, 0.2485212]
[0.5058133, 0.47551578, 0.4590758, 0.24838467]
[0.50590575, 0.4752541, 0.45859155, 0.24829441]
[0.50555605, 0.47573417, 0.45841092, 0.24814966]
[0.5059971, 0.47551972, 0.45844874, 0.24836412]
[0.50624686, 0.4758659, 0.4579055, 0.248551]
[0.50601786, 0.47596836, 0.45706227, 0.24805202]
[0.50563973, 0.4760162, 0.45686042, 0.24794616]
[0.5054915, 0.4754532, 0.4567898, 0.24736245]
[0.5057372, 0.47447348, 0.45721954, 0.24741215]
[0.50531363, 0.47414955, 0.457888, 0.24692573]
[0.50488645, 0.4744956, 0.45697647, 0.24641219]
[0.50437313, 0.47470787, 0.45611364, 0.2464697]
[0.50541556, 0.47467458, 0.45610046, 0.24670969]
[0.50544477, 0.47490135, 0.45607352, 0.24717572]
[0.5059527, 0.47446057, 0.45455188, 0.24752678]
[0.50551087, 0.47541615, 0.45443982, 0.24759574]
[0.50599694, 0.4748578, 0.45468113, 0.24787371]
[0.50599843, 0.47598994, 0.45431775, 0.24712022]
[0.50536597, 0.47581795, 0.45412776, 0.2470624]
[0.505447, 0.4755047, 0.45535684, 0.24775508]
[0.50457597, 0.4756495, 0.4545839, 0.24714638]
[0.504215, 0.47578886, 0.4542182, 0.24715061]
[0.5049944, 0.47521132, 0.45421985, 0.24740128]
[0.5057322, 0.47503093, 0.45343268, 0.2473019]
[0.50587577, 0.47519815, 0.45293555, 0.24722128]
[0.5051718, 0.47557694, 0.45193294, 0.24720645]
[0.5048688, 0.47445345, 0.45234415, 0.24680924]
[0.50412154, 0.47434565, 0.45305654, 0.24653839]
[0.503641, 0.4739878, 0.452591, 0.24666888]
[0.50416, 0.47384277, 0.45244908, 0.24693164]
[0.504487, 0.47445706, 0.4528512, 0.24650615]
[0.5038128, 0.4745098, 0.45245335, 0.2464798]
[0.5036637, 0.4735884, 0.45224726, 0.24637891]
[0.50405294, 0.4732431, 0.4521005, 0.24706528]
[0.50356936, 0.474088, 0.452311, 0.2467329]
[0.503764, 0.47518793, 0.4521051, 0.24685472]
[0.504031, 0.47411853, 0.45136505, 0.24737667]
[0.50422156, 0.4738525, 0.4509069, 0.2471422]
[0.50454414, 0.47334433, 0.45053837, 0.24736345]
[0.50402975, 0.4737825, 0.44986844, 0.24739878]
[0.50391877, 0.47459435, 0.44840187, 0.24698317]
[0.50443685, 0.4743067, 0.44850028, 0.24698819]
[0.5047257, 0.4750126, 0.44863975, 0.24662122]
[0.5050116, 0.4752799, 0.44862157, 0.24686074]
[0.5051051, 0.47528967, 0.4490699, 0.24705534]
[0.50553125, 0.475276, 0.44843653, 0.24708363]
[0.5061067, 0.47509712, 0.448435, 0.24644338]
[0.50574046, 0.47597638, 0.44779876, 0.24634705]
[0.5054814, 0.47583622, 0.4469358, 0.24533555]
[0.50539774, 0.47527093, 0.4470496, 0.24572617]
[0.5044761, 0.47643632, 0.44612277, 0.24534544]
[0.5044551, 0.47715837, 0.44587296, 0.24545754]
[0.5049705, 0.47834265, 0.4457803, 0.24513805]
[0.50593185, 0.47664464, 0.44536346, 0.244925]
[0.50534755, 0.47631985, 0.44560933, 0.24498]
[0.5054068, 0.4762393, 0.44535244, 0.24539882]
[0.50532454, 0.47606617, 0.44543988, 0.244748]
[0.5053049, 0.47435224, 0.44534332, 0.24515575]
[0.5054775, 0.4741414, 0.4446581, 0.24505451]
[0.5055456, 0.4741351, 0.4453912, 0.24480562]
[0.5051352, 0.47345093, 0.44450524, 0.24491994]
[0.5061016, 0.47327125, 0.44426024, 0.2443514]
[0.5056844, 0.47361383, 0.4437127, 0.24461688]
[0.5060009, 0.47429672, 0.44353357, 0.24475725]
[0.5059635, 0.47358316, 0.44400343, 0.24444766]
[0.50594133, 0.47416118, 0.44374433, 0.2449668]
[0.5059288, 0.47383982, 0.4439653, 0.24444495]
[0.50606173, 0.473629, 0.44368273, 0.2448282]
[0.50595516, 0.47335383, 0.44347793, 0.24503537]
[0.5071579, 0.47300407, 0.4434314, 0.2449815]
[0.5067661, 0.47269702, 0.4429022, 0.2452792]
[0.50661474, 0.47247505, 0.44310713, 0.2453322]
[0.5066428, 0.47167328, 0.44266465, 0.24544767]
[0.5066986, 0.47244984, 0.44210222, 0.24552022]
[0.5066359, 0.4732058, 0.44171593, 0.24513811]
[0.50646853, 0.4731838, 0.44178924, 0.24509595]
[0.50646824, 0.4731743, 0.44165865, 0.2444008]
[0.5068141, 0.47293407, 0.44144183, 0.24439745]
[0.50753504, 0.4733455, 0.44160134, 0.24423556]
[0.50797606, 0.47298184, 0.4410149, 0.24408895]
[0.50856465, 0.4719133, 0.4405436, 0.2443251]
[0.5079579, 0.47195598, 0.4399662, 0.24423017]
[0.50733256, 0.47214016, 0.4405047, 0.2443086]
[0.5069259, 0.47232643, 0.4406505, 0.2450516]
[0.50678504, 0.47165385, 0.44072843, 0.2450399]
[0.50649506, 0.47211492, 0.4411326, 0.24490741]
[0.50597215, 0.4723044, 0.44109827, 0.24478887]
[0.50548774, 0.47220895, 0.44107458, 0.24466959]
[0.50584644, 0.4721373, 0.44056076, 0.24509591]
[0.506424, 0.472331, 0.44020647, 0.24533339]
[0.5064296, 0.4722578, 0.43938595, 0.2447518]
[0.506094, 0.47297928, 0.43969387, 0.24511251]
[0.5052166, 0.47434834, 0.44023758, 0.24479587]
[0.5054687, 0.47418946, 0.44010246, 0.24483266]
[0.5052294, 0.47509798, 0.43882138, 0.24472874]
[0.50527793, 0.47609845, 0.43878722, 0.2451335]
[0.5056513, 0.47625002, 0.43876982, 0.24524139]
[0.5062016, 0.4758211, 0.43839607, 0.24481942]
[0.5069751, 0.47629166, 0.4384709, 0.24563092]
[0.50823677, 0.47586817, 0.43778083, 0.2455122]
[0.5080871, 0.47655928, 0.43750945, 0.24553198]
[0.50724775, 0.47634897, 0.43710288, 0.24538201]
[0.5068924, 0.47618625, 0.43716392, 0.2453048]
[0.5070518, 0.476233, 0.43654022, 0.24471958]
[0.5082448, 0.47610995, 0.4365236, 0.24505149]
[0.5086213, 0.4756982, 0.43639123, 0.24551739]
[0.5086034, 0.47577882, 0.43652493, 0.24495721]
[0.5086, 0.4750911, 0.43738082, 0.24540229]
[0.5091943, 0.47386178, 0.43634978, 0.24538355]
[0.5094333, 0.47349268, 0.43641874, 0.24526407]
[0.5102498, 0.47351086, 0.43642715, 0.24558002]
[0.51048094, 0.4739416, 0.43584087, 0.24552952]
[0.51043767, 0.47372806, 0.4362639, 0.24544556]
[0.5105929, 0.47374102, 0.43568978, 0.24581498]
[0.51045835, 0.4736398, 0.43583867, 0.24626265]
[0.50983083, 0.47422487, 0.43522546, 0.24615666]
[0.5103256, 0.47315747, 0.43488634, 0.24612202]
[0.5103216, 0.47336534, 0.4340945, 0.24537314]
[0.50991094, 0.4736691, 0.43462852, 0.24540645]
[0.5114108, 0.47376972, 0.434362, 0.24613728]
[0.51153463, 0.47364068, 0.4343626, 0.2465805]
[0.5115811, 0.47423634, 0.4336967, 0.2467929]
[0.5106821, 0.4739972, 0.4336399, 0.2464993]
[0.510667, 0.4726112, 0.43351403, 0.2466868]
[0.510204, 0.4719018, 0.4340761, 0.24666882]
[0.51058435, 0.47100902, 0.43353918, 0.24644613]
[0.5110462, 0.47045866, 0.43359268, 0.24645339]
[0.5111492, 0.46968508, 0.43367422, 0.2465125]
[0.5113593, 0.47003782, 0.4345112, 0.24630384]
[0.5108797, 0.4702811, 0.43522292, 0.24624395]
[0.51205254, 0.47132605, 0.43489063, 0.24600065]
[0.51205516, 0.472302, 0.4344531, 0.24527857]
[0.5111366, 0.47236902, 0.43438578, 0.24502891]
[0.5108496, 0.47198385, 0.4346317, 0.24473038]
[0.51121825, 0.4705067, 0.43413743, 0.2451348]
[0.5107976, 0.4697177, 0.43364343, 0.24502078]
[0.5107314, 0.46993175, 0.4335924, 0.24543302]
[0.5106012, 0.46974087, 0.43369249, 0.24513534]
[0.51091766, 0.4704181, 0.43344003, 0.24494782]
[0.51009274, 0.47028336, 0.43297184, 0.24535549]
[0.5105885, 0.47077125, 0.43297896, 0.24566658]
[0.51068354, 0.47034544, 0.43340957, 0.245888]
[0.5108762, 0.4716174, 0.4331639, 0.24603976]
[0.51077694, 0.47180387, 0.43277237, 0.24580143]
[0.5110032, 0.47192973, 0.43285272, 0.24586272]
[0.51029056, 0.47307023, 0.4338496, 0.24583332]
[0.5108763, 0.47440937, 0.4334982, 0.24567239]
[0.5109419, 0.4744736, 0.43325332, 0.24644487]
[0.51056474, 0.4748163, 0.43272778, 0.24618131]
[0.5116024, 0.4749195, 0.43286672, 0.24613795]
[0.51142067, 0.47575438, 0.43236083, 0.24598897]
[0.5114044, 0.47546616, 0.4327322, 0.24553283]
[0.5108358, 0.47488216, 0.4320823, 0.24604315]
[0.51088554, 0.47495407, 0.43224823, 0.24650888]
[0.5111777, 0.47440705, 0.43058482, 0.24508843]
[0.5111248, 0.47459525, 0.43053025, 0.24571875]
[0.5113901, 0.47452724, 0.43022385, 0.2461395]
[0.5115219, 0.47463778, 0.43073305, 0.24632087]
[0.5110778, 0.4741411, 0.43094462, 0.24681744]
[0.5119714, 0.47428676, 0.43127474, 0.2462743]
[0.51186776, 0.47436967, 0.43134284, 0.24669197]
[0.5117756, 0.47316253, 0.4311834, 0.24590072]
[0.5119687, 0.47487643, 0.42993888, 0.24571827]
[0.51234496, 0.47471565, 0.42954817, 0.24587546]
[0.5123869, 0.4745125, 0.42964816, 0.24657148]
[0.5124589, 0.47402772, 0.42922565, 0.24638796]
[0.5131522, 0.47332904, 0.42928603, 0.24726708]
[0.5131624, 0.47357678, 0.42901447, 0.24676518]
[0.5133359, 0.47454184, 0.42884412, 0.24753104]
[0.5139179, 0.47439316, 0.42832467, 0.24683185]
[0.5131716, 0.47435582, 0.4289069, 0.2468847]
[0.5128238, 0.47386062, 0.4279213, 0.24699703]
[0.5121916, 0.47397485, 0.427442, 0.24693803]
[0.5115942, 0.47433063, 0.42665666, 0.2468216]
[0.5111182, 0.47351176, 0.42645895, 0.24696301]
[0.51126754, 0.47338197, 0.42645213, 0.24707198]
[0.51171666, 0.47388956, 0.42624763, 0.24694636]
[0.51140857, 0.47406116, 0.4262568, 0.24696574]
[0.5113453, 0.4734967, 0.4268811, 0.24643123]
[0.51141506, 0.47336504, 0.4270083, 0.24643117]
[0.51048344, 0.47456554, 0.42638656, 0.24679002]
[0.5099781, 0.47426364, 0.4256019, 0.24641767]
[0.5096813, 0.47421393, 0.42531216, 0.2463612]
[0.5089155, 0.4737477, 0.425235, 0.2465868]
[0.509759, 0.47352347, 0.42562646, 0.24670693]
[0.50844526, 0.47483492, 0.4258108, 0.24685366]
[0.5089865, 0.47475743, 0.42616537, 0.24678569]
[0.50913423, 0.4748616, 0.4260389, 0.24716349]
[0.50962704, 0.47516975, 0.42604792, 0.24713364]
[0.5095171, 0.4746832, 0.42654082, 0.24720684]
[0.510525, 0.47276247, 0.4260701, 0.24787937]
[0.5103733, 0.47308713, 0.4260206, 0.24766444]
[0.5107193, 0.47329274, 0.4257251, 0.2478424]
[0.510621, 0.4737148, 0.4255184, 0.24821566]
[0.51070946, 0.47315484, 0.4254344, 0.2472987]
[0.5105853, 0.47410023, 0.42529327, 0.24756391]
[0.5107324, 0.47496486, 0.42625308, 0.2482554]
[0.5108041, 0.47540447, 0.42548048, 0.24777608]
[0.5111647, 0.47627276, 0.42525187, 0.24758625]
[0.5116912, 0.47617698, 0.42537495, 0.247724]
[0.51167935, 0.4760397, 0.42518306, 0.24776545]
[0.51147175, 0.47701117, 0.4260186, 0.24820215]
[0.51124454, 0.47693452, 0.42565474, 0.24803376]
[0.5118068, 0.4775872, 0.4255802, 0.2488907]
[0.51076746, 0.4774811, 0.42563078, 0.24839881]
[0.5105963, 0.4780009, 0.42613095, 0.24787739]
[0.5103329, 0.47773886, 0.4256118, 0.24817057]
[0.5104456, 0.47705033, 0.42606485, 0.24851108]
[0.5116588, 0.4765036, 0.42630687, 0.24828672]
[0.51159394, 0.47713375, 0.42626965, 0.24895602]
[0.5117484, 0.47673857, 0.42640582, 0.24880959]
[0.51170754, 0.47555813, 0.42584857, 0.24915151]
[0.5117236, 0.47543916, 0.4255237, 0.24888653]
[0.5106753, 0.47499275, 0.42563924, 0.24936216]
[0.51061875, 0.47484317, 0.42500392, 0.24912357]
[0.5104824, 0.47434086, 0.42436427, 0.24881154]
[0.5104866, 0.47462904, 0.42399272, 0.24855107]
[0.5103794, 0.47411546, 0.42387694, 0.24870037]
[0.51023346, 0.47385627, 0.42392477, 0.24825594]
[0.51092184, 0.4733736, 0.42445016, 0.24806803]
[0.51186603, 0.47519946, 0.4234359, 0.24911079]
[0.51135075, 0.47545943, 0.42385763, 0.24903052]
[0.5111217, 0.47522807, 0.42413962, 0.24911636]
[0.5110947, 0.47450456, 0.42445067, 0.24892825]
[0.5111327, 0.4749172, 0.42361492, 0.24836943]
[0.5116344, 0.47485682, 0.42353186, 0.24846098]
[0.51271975, 0.47449002, 0.4234874, 0.24793297]
[0.5128755, 0.4747739, 0.4233909, 0.24845101]
[0.51323843, 0.4748592, 0.42272338, 0.24826805]
[0.51276886, 0.47577712, 0.422958, 0.24838448]
[0.5130414, 0.4762613, 0.42268342, 0.24856658]
[0.5131869, 0.47735098, 0.42279795, 0.24914066]
[0.5131654, 0.47675636, 0.4229097, 0.24899817]
[0.51386553, 0.4773469, 0.42335153, 0.249103]
[0.51312613, 0.47658706, 0.42348713, 0.24917537]
[0.51378703, 0.47665265, 0.42316082, 0.24942368]
[0.5137399, 0.4769101, 0.42286408, 0.24962543]
[0.5130819, 0.47719866, 0.42352697, 0.24980831]
[0.5135772, 0.47719035, 0.42366853, 0.24978694]
[0.5130641, 0.47732422, 0.42366, 0.25017014]
[0.5127345, 0.4776442, 0.42345107, 0.2502428]
[0.51330817, 0.47766045, 0.4230905, 0.25009033]
[0.5134748, 0.47792363, 0.42326957, 0.25053728]
[0.5133178, 0.47740367, 0.4225092, 0.24984562]
[0.5133834, 0.4778283, 0.42229268, 0.24994016]
[0.51247686, 0.4788778, 0.42202815, 0.25128922]
[0.5114294, 0.47759157, 0.4216828, 0.25143743]
[0.5106994, 0.47738555, 0.42202017, 0.2515648]
[0.51024324, 0.4773183, 0.42165163, 0.2515888]
[0.50971735, 0.4766168, 0.42132756, 0.25146127]
[0.51019907, 0.47713915, 0.4219204, 0.25148886]
[0.509671, 0.47733212, 0.42194644, 0.2514954]
[0.51023316, 0.4767051, 0.42205146, 0.25159195]
[0.5112445, 0.47640115, 0.4221466, 0.25081217]
[0.51118344, 0.4771265, 0.4226158, 0.25136733]
[0.51120627, 0.4774186, 0.42246503, 0.25084972]
[0.5104321, 0.4775072, 0.4223826, 0.25095752]
[0.5106154, 0.47783336, 0.4224487, 0.25110286]
[0.5097648, 0.4786165, 0.4208087, 0.2513574]
[0.5107164, 0.47803172, 0.42126772, 0.25181597]
[0.51146626, 0.4777194, 0.4197606, 0.25142068]
[0.5118581, 0.4778472, 0.4200583, 0.2514955]
[0.5114184, 0.4788194, 0.4196136, 0.25129133]
[0.51205015, 0.47832307, 0.4197108, 0.2516646]
[0.512324, 0.4783589, 0.41891748, 0.25158754]
[0.51232857, 0.47837347, 0.4191133, 0.25242147]
[0.51222545, 0.47836512, 0.41920984, 0.2522439]
[0.5115989, 0.47804275, 0.41964895, 0.25243837]
[0.51182425, 0.47862387, 0.41891962, 0.25168955]
[0.5119167, 0.47794983, 0.41924244, 0.25175664]
[0.51196253, 0.47839153, 0.41918543, 0.252702]
[0.51230246, 0.4786666, 0.4189239, 0.25267935]
[0.5127623, 0.47929946, 0.41913605, 0.25231248]
[0.5125579, 0.47955987, 0.41904226, 0.2526599]
[0.5127799, 0.47887427, 0.4182824, 0.2520533]
[0.5130585, 0.47897506, 0.4180414, 0.25158325]
[0.5129411, 0.47987387, 0.41763836, 0.25117034]
[0.5125583, 0.47993925, 0.41739446, 0.25105774]
[0.512571, 0.4790235, 0.41696274, 0.2510871]
[0.511929, 0.4789796, 0.41614228, 0.25052285]
[0.51191825, 0.47831503, 0.41657627, 0.2515527]
[0.51172835, 0.4781508, 0.41642547, 0.25153416]
[0.5118618, 0.4774768, 0.41639188, 0.25078994]
[0.5118183, 0.4773972, 0.41697153, 0.25000614]
[0.5119629, 0.47731456, 0.41712737, 0.25033602]
[0.5122854, 0.47720507, 0.41731155, 0.25006127]
[0.51219225, 0.4771678, 0.41819298, 0.25009072]
[0.51297843, 0.47659516, 0.41782394, 0.25001004]
[0.5129223, 0.47717974, 0.41727096, 0.25028995]
[0.51227397, 0.47690636, 0.4171523, 0.25039753]
[0.5132506, 0.47639063, 0.41695732, 0.25040606]
[0.5136994, 0.47613925, 0.41702613, 0.2495758]
[0.51270235, 0.475626, 0.41680264, 0.24986118]
[0.51298344, 0.4753992, 0.41685754, 0.2494511]
[0.5130112, 0.47522685, 0.416818, 0.24962783]
[0.51300657, 0.47454754, 0.41632923, 0.24899897]
[0.513536, 0.47417545, 0.41613, 0.24875695]
[0.5129237, 0.4743987, 0.4160931, 0.24923609]
[0.51265705, 0.475871, 0.41627, 0.24934147]
[0.51307, 0.47555405, 0.4157824, 0.24910635]
[0.5127083, 0.47524542, 0.4150795, 0.24995126]
[0.51364774, 0.47694486, 0.41459227, 0.24977]
[0.5139299, 0.47719064, 0.41421756, 0.25011855]
[0.51354533, 0.47624305, 0.412856, 0.2504396]
[0.51359344, 0.4765647, 0.41267842, 0.25084862]
[0.5138173, 0.4764286, 0.41262862, 0.2507038]
[0.51337236, 0.47759938, 0.4128017, 0.24952799]
[0.513291, 0.47729382, 0.4125897, 0.25009868]
[0.51317763, 0.4772159, 0.412516, 0.25122118]
[0.5136667, 0.47716728, 0.41266593, 0.25116643]
[0.51319844, 0.47599244, 0.41236234, 0.2515282]
[0.51318276, 0.4757823, 0.41298437, 0.25136185]
[0.5138077, 0.476051, 0.4126309, 0.2509433]
[0.5142236, 0.47513187, 0.4123298, 0.25132194]
[0.5145212, 0.47587308, 0.4118164, 0.25123158]
[0.5144116, 0.47590107, 0.41187677, 0.25163168]
[0.5135997, 0.47611973, 0.4119999, 0.25153753]
[0.5136631, 0.47631323, 0.4120322, 0.25251317]
[0.512932, 0.47623876, 0.41152138, 0.25250667]
[0.51342624, 0.47573197, 0.41167176, 0.25273713]
[0.51352525, 0.4756769, 0.4116445, 0.25276253]
[0.5123775, 0.4759665, 0.4119234, 0.25214246]
[0.5121036, 0.4748191, 0.41161677, 0.2519097]
[0.5117877, 0.47464174, 0.4112684, 0.25215292]
[0.51235497, 0.4733616, 0.41136062, 0.25175253]
[0.512312, 0.4740557, 0.41075844, 0.25198364]
[0.5117564, 0.47422618, 0.4108599, 0.25189775]
[0.51189935, 0.47357258, 0.41146338, 0.25198153]
[0.51173717, 0.47319204, 0.41110265, 0.25260052]
[0.51096493, 0.47423345, 0.41141605, 0.25252467]
[0.5112394, 0.47472867, 0.4114675, 0.2524519]
[0.5109731, 0.47404358, 0.41097507, 0.25220093]
[0.51057667, 0.4744827, 0.41057736, 0.25222942]
[0.51006275, 0.47516406, 0.41059196, 0.2517069]
[0.5102786, 0.47501895, 0.40971467, 0.25212455]
[0.5112018, 0.47501954, 0.41027284, 0.25285375]
[0.5119711, 0.47468555, 0.40988433, 0.2524014]
[0.51194376, 0.4751403, 0.40965104, 0.25229058]
[0.5110804, 0.47469813, 0.40965936, 0.2513884]
[0.5110298, 0.47470516, 0.40994382, 0.2518197]
[0.51147604, 0.47439954, 0.40943772, 0.2512939]
[0.5115973, 0.47471872, 0.40911877, 0.25067535]
[0.5116153, 0.47524408, 0.4091539, 0.25052232]
[0.511743, 0.47560367, 0.40929145, 0.25154918]
[0.5119529, 0.47588295, 0.40984657, 0.25095046]
[0.51175034, 0.4755284, 0.40966207, 0.25071868]
[0.5113644, 0.47555205, 0.410002, 0.25017342]
[0.51142406, 0.47437692, 0.4104818, 0.25020835]
[0.5109988, 0.47469708, 0.41022685, 0.24999328]
[0.5109764, 0.4747689, 0.41024533, 0.25007075]
[0.5112811, 0.47509104, 0.41007018, 0.2497218]
[0.51088125, 0.474503, 0.40946493, 0.2507498]
[0.5110558, 0.47433254, 0.40956375, 0.2512654]
[0.51147, 0.4740644, 0.4099911, 0.2519451]
[0.51124674, 0.47349027, 0.41023758, 0.25188386]
[0.510379, 0.47442636, 0.40995795, 0.25242305]
[0.5110672, 0.47446334, 0.4100159, 0.25257015]
[0.5109713, 0.4746677, 0.41064626, 0.2528858]
[0.51117986, 0.47453517, 0.41131645, 0.252143]
[0.5119844, 0.47457892, 0.4107982, 0.25172752]
[0.5124971, 0.47358623, 0.41123894, 0.25219464]
[0.51332814, 0.47356886, 0.41140407, 0.2530614]
[0.5131866, 0.47508314, 0.4112074, 0.2524752]
[0.51386714, 0.47528365, 0.41097972, 0.25207287]
[0.514648, 0.4744685, 0.410708, 0.25142297]
[0.51492774, 0.47378787, 0.4105337, 0.2516404]
[0.51484835, 0.47480902, 0.4098842, 0.2515662]
[0.5148997, 0.47366172, 0.4096147, 0.25175467]
[0.51510435, 0.47403008, 0.40955985, 0.25279945]
[0.51440245, 0.47418547, 0.41010305, 0.2525019]
[0.5146921, 0.47352818, 0.4098541, 0.25293493]
[0.5148468, 0.47336894, 0.40986338, 0.25269815]
[0.5146924, 0.4746356, 0.41044605, 0.25350022]
[0.51487875, 0.47478715, 0.4098212, 0.25386572]
[0.5141142, 0.47548014, 0.40946403, 0.2545134]
[0.5142543, 0.47599506, 0.4094336, 0.25379542]
[0.51438576, 0.47553277, 0.41009736, 0.25351533]
[0.51426095, 0.475389, 0.41041014, 0.25372452]
[0.5139739, 0.47490418, 0.41132715, 0.25362626]
[0.5131779, 0.4751457, 0.41155124, 0.25393105]
[0.51434356, 0.47524816, 0.4112864, 0.25439593]
[0.514371, 0.4747117, 0.41076615, 0.25430238]
[0.51392007, 0.47450715, 0.4101743, 0.25460988]
[0.51421297, 0.47543266, 0.41010016, 0.25507042]
[0.5145634, 0.4743016, 0.40952364, 0.25454235]
[0.5158716, 0.47438976, 0.40943557, 0.253778]
[0.5151929, 0.4748586, 0.40887865, 0.2536455]
[0.5144926, 0.47465676, 0.40948823, 0.2534767]
[0.5141788, 0.47494254, 0.40923852, 0.25380492]
[0.514273, 0.47505558, 0.4089246, 0.2538733]
[0.5153424, 0.4744281, 0.40896547, 0.25358897]
[0.51535183, 0.4751675, 0.40880468, 0.2535255]
[0.51527524, 0.47438875, 0.4085629, 0.25244376]
[0.5145415, 0.47381005, 0.40924716, 0.25252277]
[0.5143335, 0.47274402, 0.40887648, 0.25207117]
[0.51399755, 0.47303292, 0.40892255, 0.25186095]
[0.5150937, 0.4736187, 0.40855113, 0.25220153]
[0.51504076, 0.4735435, 0.4085162, 0.25264993]
[0.51553905, 0.47372776, 0.4086927, 0.25260353]
[0.5153285, 0.4746346, 0.40866148, 0.2529075]
[0.514369, 0.47503576, 0.4085427, 0.2530975]
[0.5149148, 0.4750666, 0.40875724, 0.25323027]
[0.51585174, 0.4754068, 0.40821043, 0.25290287]
[0.5168204, 0.47473213, 0.40796092, 0.25307134]
[0.5162581, 0.4742622, 0.4078819, 0.2530531]
[0.5161368, 0.47462434, 0.40786502, 0.2530682]
[0.51655143, 0.4744765, 0.40805984, 0.2528784]
[0.5169522, 0.47473055, 0.4074022, 0.25273615]
[0.51756316, 0.47425318, 0.40720475, 0.25218174]
[0.5178091, 0.4743732, 0.40725455, 0.25227034]
[0.51864743, 0.47563818, 0.40735388, 0.25226828]
[0.5181898, 0.47614354, 0.40651006, 0.25219354]
[0.5178048, 0.47596294, 0.40651032, 0.2518119]
[0.51767164, 0.4753021, 0.40774506, 0.25164387]
[0.5178044, 0.47558743, 0.40810114, 0.25204408]
[0.5171244, 0.47587565, 0.40757692, 0.2527837]
[0.5177986, 0.475697, 0.40797877, 0.253156]
[0.51846063, 0.47546747, 0.40698278, 0.25333703]
[0.51821774, 0.47687355, 0.40789628, 0.25365475]
[0.5184356, 0.4766588, 0.4088859, 0.2539281]
[0.5182942, 0.4777038, 0.4092035, 0.25445303]
[0.5174239, 0.47701916, 0.41000387, 0.2549877]
[0.5177101, 0.47665206, 0.41020492, 0.2546074]
[0.51751155, 0.47553867, 0.4107104, 0.2560254]
[0.5162903, 0.47430596, 0.41016588, 0.25664172]
[0.5162319, 0.47414476, 0.4091414, 0.25618082]
[0.5162139, 0.47414067, 0.408274, 0.25599724]
[0.51604533, 0.4757087, 0.40916285, 0.25597107]
[0.51482385, 0.47621742, 0.40874735, 0.25593933]
[0.5152255, 0.47652817, 0.40939185, 0.25593162]
[0.5156063, 0.47748342, 0.4094422, 0.25502363]
[0.5155166, 0.47785217, 0.40943658, 0.2553854]
[0.5160774, 0.47773778, 0.40897846, 0.25571644]
[0.5154654, 0.47650716, 0.40910792, 0.25600058]
[0.51616585, 0.4753912, 0.40850186, 0.25612986]
[0.5161219, 0.47551638, 0.408873, 0.2563669]
[0.5164794, 0.47526985, 0.40877256, 0.2564968]
[0.5168385, 0.47557244, 0.40931696, 0.25617352]
[0.517294, 0.47579476, 0.40912, 0.25525722]
[0.51774484, 0.47545412, 0.40926448, 0.25525317]
[0.51738435, 0.47616628, 0.40925303, 0.25583142]
[0.51788706, 0.47719738, 0.40921882, 0.2558511]
[0.51822555, 0.4784862, 0.40948632, 0.25567156]
[0.51825416, 0.47947443, 0.40976363, 0.2548454]
[0.51773536, 0.47787592, 0.4093996, 0.2555145]
[0.5177569, 0.4780017, 0.40900102, 0.2557591]
[0.517794, 0.47781307, 0.40862855, 0.25547305]
[0.51769394, 0.47660425, 0.40955758, 0.25606728]
[0.5180702, 0.47649473, 0.40989366, 0.2562333]
[0.51725304, 0.47662714, 0.40967593, 0.25520328]
[0.51763105, 0.47612706, 0.40944543, 0.25460884]
[0.51754653, 0.476625, 0.4093448, 0.25484887]
[0.51718986, 0.47633898, 0.40823975, 0.25477606]
[0.51711977, 0.47639728, 0.40764967, 0.25474477]
[0.5169874, 0.47700438, 0.40749526, 0.255483]
[0.51668394, 0.47648627, 0.40741444, 0.25566876]
[0.51685965, 0.475059, 0.4074793, 0.25547236]
[0.5167266, 0.4749795, 0.4075198, 0.25552407]
[0.51718366, 0.47463554, 0.40739152, 0.2552801]
[0.51655865, 0.4740778, 0.40681466, 0.255574]
[0.5169172, 0.47377887, 0.4075956, 0.25517955]
[0.5163579, 0.47344255, 0.40682626, 0.2554386]
[0.5156614, 0.47357008, 0.4066651, 0.2552683]
[0.5150353, 0.47371912, 0.4063824, 0.25510997]
[0.5150704, 0.47321394, 0.40673593, 0.25545043]
[0.51538765, 0.47403398, 0.40586486, 0.25580603]
[0.5149848, 0.47481373, 0.4055185, 0.25522548]
[0.51501244, 0.4749281, 0.40567243, 0.2554332]
[0.5148923, 0.474995, 0.40508303, 0.25525483]
[0.514465, 0.47417146, 0.40513498, 0.25494093]
[0.51430243, 0.47443658, 0.40479955, 0.2551184]
[0.5150727, 0.47431988, 0.4048023, 0.25536895]
[0.51472867, 0.47491744, 0.40521562, 0.25491777]
[0.5145137, 0.47479436, 0.4050053, 0.25517276]
[0.5148929, 0.47526723, 0.4054491, 0.25495598]
[0.51487, 0.4752603, 0.40460908, 0.25453618]
[0.5155998, 0.47547776, 0.40519425, 0.254813]
[0.51510966, 0.47528538, 0.40486482, 0.2549965]
[0.51530224, 0.47557718, 0.40464923, 0.25573814]
[0.5155354, 0.4752977, 0.4041453, 0.25616452]
[0.51568913, 0.474826, 0.40368387, 0.25594965]
[0.51576966, 0.47478366, 0.40377212, 0.2558204]
[0.51543015, 0.47511238, 0.40393382, 0.25592953]
[0.51526564, 0.47568414, 0.4044542, 0.2560609]
[0.5151792, 0.47484848, 0.40507782, 0.25594804]
[0.5151638, 0.47524518, 0.40526685, 0.25555554]
[0.51523364, 0.47443056, 0.4059406, 0.25525525]
[0.5155902, 0.4746284, 0.40564564, 0.25515255]
[0.51652616, 0.4736424, 0.40654388, 0.25532395]
[0.51610917, 0.47333232, 0.40619996, 0.25580657]
[0.5166738, 0.47293612, 0.40592474, 0.25586733]
[0.5160917, 0.47265932, 0.40597996, 0.25578853]
[0.51576144, 0.47297266, 0.40645835, 0.25564533]
[0.5157989, 0.4724566, 0.40667948, 0.25603023]
[0.5157112, 0.4724941, 0.40684837, 0.25601897]
[0.5157014, 0.47259134, 0.40663618, 0.2556485]
[0.51674616, 0.47221842, 0.40680638, 0.25508142]
[0.5168576, 0.4713273, 0.40675026, 0.2551879]
[0.5171174, 0.47128737, 0.4077695, 0.25480774]
[0.5165299, 0.46988732, 0.40657306, 0.25471115]
[0.51801527, 0.47009492, 0.40659624, 0.2555791]
[0.5180523, 0.47051367, 0.40670767, 0.2549197]
[0.5187131, 0.47053972, 0.40774366, 0.25590256]
[0.5188538, 0.47032452, 0.40785968, 0.2556425]
[0.5188327, 0.4703266, 0.4071059, 0.25554687]
[0.51826257, 0.47092542, 0.40713364, 0.2554396]
[0.51747495, 0.47079733, 0.40646732, 0.25534588]
[0.5175224, 0.47112063, 0.4072483, 0.25568053]
[0.5166642, 0.47126326, 0.40732124, 0.2547259]
[0.5165884, 0.47116777, 0.40721625, 0.2551356]
[0.51741093, 0.47050658, 0.40791795, 0.2548266]
[0.5182502, 0.47052702, 0.40747806, 0.25447065]
[0.5189101, 0.46999222, 0.40817314, 0.25542006]
[0.51821846, 0.47007895, 0.4084761, 0.2559715]
[0.5193947, 0.47049522, 0.40830082, 0.25597155]
[0.5194048, 0.47040287, 0.4068541, 0.25513318]
[0.51987815, 0.47077775, 0.4070633, 0.2556713]
[0.51877826, 0.47109643, 0.40714863, 0.25585583]
[0.5177726, 0.47198188, 0.407519, 0.25575498]
[0.518138, 0.47240776, 0.40671626, 0.25548178]
[0.517968, 0.47256193, 0.40701836, 0.25552884]
[0.51789117, 0.47175932, 0.40691137, 0.25595105]
[0.5181522, 0.47092506, 0.4084604, 0.25682145]
[0.5173905, 0.4718411, 0.40830937, 0.2567033]
[0.51895183, 0.47139826, 0.40821826, 0.2572246]
[0.5192782, 0.4707083, 0.40802658, 0.25740644]
[0.51892424, 0.47013253, 0.40800694, 0.25715715]
[0.51850736, 0.47069332, 0.40724862, 0.25717422]
[0.51868284, 0.47102785, 0.40704814, 0.25710815]
[0.5183643, 0.47050157, 0.4073953, 0.25756377]
[0.5180725, 0.47079042, 0.40642372, 0.25685003]
[0.51772964, 0.47191545, 0.40642297, 0.25600895]
[0.51660806, 0.47167918, 0.4068083, 0.25768828]
[0.51596063, 0.4717188, 0.4077154, 0.2585233]
[0.5153346, 0.4706559, 0.407126, 0.25870678]
[0.51535684, 0.47036466, 0.40708536, 0.2587178]
[0.51520777, 0.47025475, 0.40684578, 0.25835824]
[0.5157181, 0.47024822, 0.40577304, 0.2585752]
[0.51560134, 0.46997428, 0.4057614, 0.25847644]
[0.5149457, 0.47007796, 0.4059449, 0.25832477]
[0.5148108, 0.46997976, 0.40610835, 0.25864995]
[0.51495355, 0.4700299, 0.4058692, 0.25806075]
[0.51509887, 0.4703763, 0.40598553, 0.25813305]
[0.51537734, 0.47011358, 0.40609235, 0.25849295]
[0.51486546, 0.4697948, 0.405854, 0.25813118]
[0.51508504, 0.46953636, 0.40588236, 0.25792453]
[0.51476043, 0.47035077, 0.4056387, 0.25812817]
[0.5148665, 0.47124845, 0.4062501, 0.2575354]
[0.5146453, 0.47164705, 0.4048507, 0.25760254]
[0.5145084, 0.471958, 0.4041854, 0.25758076]
[0.51530075, 0.47165886, 0.4039507, 0.257646]
[0.5151693, 0.47163814, 0.40406057, 0.25775823]
[0.5146656, 0.4724916, 0.40392852, 0.25831398]
[0.5144632, 0.4728298, 0.40456012, 0.25877312]
[0.51468456, 0.47494468, 0.4039029, 0.25892925]
[0.5145146, 0.474478, 0.40405357, 0.25834942]
[0.5135349, 0.475347, 0.40295187, 0.25698966]
[0.5139762, 0.4738516, 0.4037586, 0.2573224]
[0.5142423, 0.47316065, 0.4038513, 0.25783175]
[0.51391023, 0.47284937, 0.4032713, 0.2578921]
[0.5139648, 0.47235426, 0.4030359, 0.258048]
[0.51462597, 0.47248524, 0.40414232, 0.25852096]
[0.5145455, 0.47237548, 0.4046142, 0.25911438]
[0.51394767, 0.47282547, 0.40522304, 0.2590547]
[0.51365006, 0.47302467, 0.40454823, 0.2581537]
[0.5133544, 0.47318166, 0.4048375, 0.2592527]
[0.5132739, 0.47344497, 0.40485063, 0.2597192]
[0.5140393, 0.47349778, 0.40468168, 0.2597481]
[0.5145879, 0.47367433, 0.4050131, 0.25932968]
[0.5148689, 0.47424552, 0.40435693, 0.25879186]
[0.51480156, 0.47473088, 0.40481138, 0.2592549]
[0.51480657, 0.47556615, 0.40510127, 0.25918138]
[0.51486826, 0.475517, 0.4054281, 0.25938192]
[0.5144055, 0.47592294, 0.40562698, 0.25942376]
[0.51468045, 0.47591215, 0.4040489, 0.25793296]
[0.51595855, 0.4767949, 0.40340242, 0.25869772]
[0.51681864, 0.47560114, 0.40332443, 0.25877848]
[0.5171017, 0.47496673, 0.40347397, 0.25929946]
[0.5177789, 0.4758423, 0.4028394, 0.25936243]
[0.5179544, 0.47470137, 0.40278974, 0.2593494]
[0.5182726, 0.47416955, 0.4032496, 0.2590303]
[0.5182161, 0.4732701, 0.40341577, 0.2586841]
[0.51800084, 0.4731145, 0.40348694, 0.25901774]
[0.51851815, 0.47304738, 0.40414256, 0.25907013]
[0.51734596, 0.47368073, 0.4031919, 0.25822628]
[0.516511, 0.47386405, 0.4023744, 0.25780505]
[0.5165091, 0.4734238, 0.40326795, 0.25811464]
[0.5160749, 0.47379747, 0.40354523, 0.2578207]
[0.51656, 0.4739167, 0.4028778, 0.25744668]
[0.5170494, 0.4735303, 0.40232015, 0.25720644]
[0.517299, 0.47315848, 0.40233678, 0.25739065]
[0.5168314, 0.47233906, 0.40100276, 0.25700346]
[0.5175299, 0.47222432, 0.40068445, 0.2571833]
[0.5172318, 0.47218937, 0.4010059, 0.2576889]
[0.5161571, 0.47123384, 0.40079477, 0.25753766]
[0.51598555, 0.47171193, 0.4008005, 0.25770655]
[0.51673627, 0.47228706, 0.40064347, 0.2578289]
[0.51678556, 0.4722389, 0.40058848, 0.2584678]
[0.5171817, 0.47252244, 0.4004913, 0.25820366]
[0.51711494, 0.47247157, 0.40039197, 0.2592858]
[0.5168556, 0.47298735, 0.40062648, 0.25914603]
[0.51790905, 0.47285396, 0.40002495, 0.2591643]
[0.5174362, 0.47368303, 0.39973247, 0.2591718]
[0.5176777, 0.47337914, 0.39991972, 0.26003888]
[0.5176357, 0.47304273, 0.4000829, 0.26004806]
[0.5168676, 0.47240558, 0.40050438, 0.2601669]
[0.5164111, 0.47225338, 0.4006782, 0.25965828]
[0.5161669, 0.47205123, 0.40057924, 0.25918517]
[0.5162537, 0.47191036, 0.4014116, 0.25973132]
[0.5158655, 0.47308376, 0.40147305, 0.2595117]
[0.51505315, 0.47344604, 0.40016547, 0.25854778]
[0.5146579, 0.47297987, 0.39935613, 0.25814787]
[0.5146356, 0.47246167, 0.39968958, 0.25825593]
[0.5147421, 0.47245148, 0.39923435, 0.25826553]
[0.5145725, 0.47191215, 0.3992399, 0.25819048]
[0.51479554, 0.4722036, 0.3998985, 0.25776848]
[0.5144207, 0.4715993, 0.4001637, 0.2581675]
[0.51549685, 0.47144035, 0.39964032, 0.25823653]
[0.51607764, 0.47036222, 0.39909157, 0.25722697]
[0.51662606, 0.47098058, 0.3984458, 0.2567231]
[0.51634216, 0.4702334, 0.39815992, 0.2571195]
[0.5177682, 0.47011274, 0.39837006, 0.25661847]
[0.517954, 0.47078198, 0.39753655, 0.2567637]
[0.51818126, 0.47162578, 0.3978261, 0.25651878]
[0.51819545, 0.4712011, 0.39808595, 0.2566495]
[0.5184857, 0.47090578, 0.3978701, 0.25639123]
[0.51931196, 0.470195, 0.39782193, 0.256863]
[0.51826555, 0.4705281, 0.39777198, 0.25733098]
[0.5179762, 0.46945238, 0.3979978, 0.25689304]
[0.51834786, 0.47122467, 0.39815536, 0.25643286]
[0.5188037, 0.47146943, 0.39803985, 0.25685248]
[0.5190468, 0.47088587, 0.3974555, 0.25707132]
[0.5190036, 0.47097215, 0.3971622, 0.25662982]
[0.51859945, 0.47089463, 0.39767855, 0.25652075]
[0.5176507, 0.47166353, 0.39673343, 0.25644547]
[0.5185797, 0.47207943, 0.39725798, 0.25676835]
[0.5172171, 0.4723784, 0.39772645, 0.25671983]
[0.5171332, 0.47262514, 0.39727333, 0.25596577]
[0.5170819, 0.4722469, 0.397307, 0.25593212]
[0.5174502, 0.47217444, 0.39852718, 0.25666803]
[0.51599336, 0.47139052, 0.39756948, 0.25618666]
[0.5148705, 0.47096115, 0.39830953, 0.2564162]
[0.514269, 0.47093967, 0.3978033, 0.25663868]
[0.51448023, 0.47101817, 0.39760968, 0.25658035]
[0.5152237, 0.47092792, 0.39721417, 0.25641254]
[0.5150508, 0.47063294, 0.39682353, 0.25602]
[0.51548934, 0.47049254, 0.39694455, 0.25692758]
[0.5162298, 0.46980357, 0.39699453, 0.25648856]
[0.5163335, 0.47074628, 0.39782774, 0.25535515]
[0.5162585, 0.4719776, 0.39836386, 0.25559688]
[0.5160215, 0.47195092, 0.39835936, 0.25572452]
[0.5157883, 0.472407, 0.39808807, 0.25588995]
[0.5151662, 0.47209245, 0.39811847, 0.25605872]
[0.5156218, 0.4720165, 0.39806873, 0.2563442]
[0.51569015, 0.47220653, 0.39816058, 0.2565542]
[0.5150563, 0.47235996, 0.3983044, 0.2569999]
[0.5143531, 0.4724914, 0.39768168, 0.25632367]
[0.5143489, 0.47136936, 0.3980841, 0.25606623]
[0.5149136, 0.47181913, 0.39843982, 0.25654376]
[0.51503557, 0.4723768, 0.39824018, 0.25687882]
[0.51544356, 0.47209305, 0.39749578, 0.25664374]
[0.516036, 0.4721809, 0.39788046, 0.25641942]
[0.5160242, 0.4728309, 0.3977219, 0.25702515]
[0.5150624, 0.47364864, 0.39759058, 0.2566419]
[0.5153099, 0.47316304, 0.39742473, 0.25582385]
[0.51465964, 0.47347203, 0.39710388, 0.25550345]
[0.515408, 0.47370175, 0.39716583, 0.25517565]
[0.51518655, 0.47379342, 0.39674976, 0.25515345]
[0.51545566, 0.47263137, 0.39701983, 0.2554242]
[0.51568836, 0.4723032, 0.39623734, 0.25541675]
[0.51606524, 0.4734074, 0.39590174, 0.25578952]
[0.5169011, 0.47356445, 0.3961539, 0.25630143]
[0.5168423, 0.47369465, 0.39647987, 0.2558822]
[0.5179197, 0.47279298, 0.3967807, 0.25578272]
[0.51817, 0.47139338, 0.39708027, 0.2555594]
[0.5183659, 0.47127348, 0.3973057, 0.2556522]
[0.51816124, 0.47049344, 0.3970267, 0.25532696]
[0.5185425, 0.47088712, 0.39730355, 0.25555962]
[0.51849943, 0.47107786, 0.39696085, 0.25537384]
[0.51766443, 0.470593, 0.39689767, 0.2553878]
[0.51893145, 0.47011116, 0.39738196, 0.2551076]
[0.5193994, 0.468861, 0.39746934, 0.25577545]
[0.51941305, 0.46917412, 0.397689, 0.25530952]
[0.5199398, 0.4693652, 0.39642644, 0.255224]
[0.52018416, 0.46964574, 0.3956394, 0.25490576]
[0.5202498, 0.4701575, 0.39532602, 0.25499684]
[0.52077204, 0.4701091, 0.39548698, 0.2548247]
[0.52015656, 0.47095406, 0.39478493, 0.25425088]
[0.52092135, 0.47232646, 0.39572886, 0.2545306]
[0.5207187, 0.4726182, 0.3951609, 0.25436208]
[0.52090746, 0.4723004, 0.39597175, 0.2547627]
[0.520917, 0.47060618, 0.39695075, 0.25497144]
[0.5216032, 0.4704108, 0.39777812, 0.25514796]
[0.5205177, 0.4702935, 0.3984466, 0.25653416]
[0.52043575, 0.47022855, 0.3987325, 0.25625378]
[0.52034986, 0.47008795, 0.39838654, 0.25626135]
[0.520453, 0.47037467, 0.39743537, 0.25651565]
[0.5211715, 0.47094926, 0.39794904, 0.25738406]
[0.5212799, 0.47147503, 0.39803445, 0.2576536]
[0.52149516, 0.47215143, 0.39732605, 0.25798303]
[0.5207619, 0.47180483, 0.3975388, 0.25778335]
[0.52114516, 0.47000286, 0.39754647, 0.25764364]
[0.5207949, 0.46917537, 0.39767873, 0.2579416]
[0.5208778, 0.46970347, 0.39767832, 0.2578519]
[0.52021414, 0.46973458, 0.3978578, 0.25754818]
[0.51999557, 0.46961197, 0.39819768, 0.25731048]
[0.5195783, 0.47050312, 0.39771584, 0.25752413]
[0.5198512, 0.47073683, 0.3985186, 0.25754568]
[0.51879436, 0.4707313, 0.39839533, 0.25807765]
[0.5195279, 0.4714075, 0.39856586, 0.25775585]
[0.5193774, 0.47148064, 0.3983013, 0.257873]
[0.5188075, 0.47091562, 0.39841354, 0.25795346]
[0.5181021, 0.47063062, 0.3984754, 0.25853226]
[0.5180292, 0.47092718, 0.39777654, 0.25834534]
[0.5176595, 0.46960834, 0.39745432, 0.2584522]
[0.51924527, 0.47068027, 0.3981073, 0.25937396]
[0.5193583, 0.47044846, 0.3984619, 0.25957754]
[0.5202088, 0.470744, 0.3981251, 0.25952542]
[0.52044237, 0.47166985, 0.398918, 0.2589265]
[0.5196538, 0.47069213, 0.39893925, 0.2588117]
[0.5190458, 0.47016895, 0.3993179, 0.25893697]
[0.51943755, 0.4699895, 0.39900163, 0.25918674]
[0.518841, 0.46910828, 0.3994445, 0.25947088]
[0.51826066, 0.46867117, 0.39948118, 0.2595093]
[0.5183707, 0.4679886, 0.399317, 0.2591843]
[0.51889, 0.46820813, 0.39924762, 0.25852638]
[0.51802343, 0.46722868, 0.39969862, 0.25888255]
[0.5181869, 0.46692273, 0.3995292, 0.25843012]
[0.51843745, 0.46725994, 0.39964542, 0.25856104]
[0.5183728, 0.46660018, 0.3994584, 0.2585018]
[0.5177425, 0.46674696, 0.39902893, 0.25843096]
[0.5173279, 0.46678358, 0.39945003, 0.25836384]
[0.51667684, 0.46831283, 0.39868397, 0.25883618]
[0.5166244, 0.4680241, 0.3983824, 0.25910598]
[0.5173976, 0.46778923, 0.39812353, 0.25862753]
[0.5171726, 0.46837834, 0.39828825, 0.25870615]
[0.51709694, 0.46819457, 0.3981115, 0.25832438]
[0.51796895, 0.46893612, 0.39821965, 0.2584193]
[0.5179351, 0.46827003, 0.39808854, 0.25780407]
[0.5182477, 0.46878126, 0.39740238, 0.2577305]
[0.5197175, 0.46848038, 0.39789742, 0.2575305]
[0.519276, 0.46817333, 0.39778617, 0.2579688]
[0.51853347, 0.4701144, 0.3972995, 0.25833705]
[0.5181943, 0.4718444, 0.39700797, 0.25833696]
[0.5191789, 0.47294053, 0.39734173, 0.25919908]
[0.5190871, 0.4728742, 0.39646223, 0.25932354]
[0.51909256, 0.4729228, 0.39741784, 0.25984687]
[0.5183705, 0.4735806, 0.3974812, 0.2599504]
[0.5179961, 0.47537854, 0.39706093, 0.25951278]
[0.5183649, 0.4761587, 0.39701876, 0.26045668]
[0.5189363, 0.47619557, 0.39731708, 0.26120645]
[0.5189314, 0.47704417, 0.39711905, 0.26086578]
[0.51825, 0.4763902, 0.39763698, 0.26129857]
[0.51798844, 0.4768215, 0.39832062, 0.26142588]
[0.51767087, 0.47656086, 0.39837074, 0.26192987]
[0.51777005, 0.4770945, 0.39796668, 0.26175496]
[0.5177173, 0.47716346, 0.39817077, 0.26154506]
[0.51795864, 0.4761943, 0.39827177, 0.26103422]
[0.5179707, 0.47660032, 0.39871088, 0.2615037]
[0.5179565, 0.47636282, 0.3993211, 0.26114732]
[0.5176412, 0.4770361, 0.39967537, 0.2606955]
[0.5175303, 0.47621545, 0.4001672, 0.26073274]
[0.5162477, 0.4758259, 0.3992502, 0.26050642]
[0.51594955, 0.47534105, 0.3992953, 0.26080802]
[0.5162114, 0.47596833, 0.3990552, 0.2614641]
[0.5167701, 0.47673658, 0.39857846, 0.26108217]
[0.5174348, 0.4763527, 0.39849764, 0.2613118]
[0.5171838, 0.47653767, 0.39938498, 0.26215532]
[0.5169067, 0.4762581, 0.39859706, 0.26150972]
[0.5166561, 0.47582328, 0.39841333, 0.26182693]
[0.5163434, 0.47600648, 0.39891547, 0.26243922]
[0.5160948, 0.47615358, 0.3987909, 0.26189792]
[0.51593757, 0.47577083, 0.39824313, 0.26254234]
[0.5158157, 0.4760612, 0.39790416, 0.26198015]
[0.51603246, 0.47622856, 0.3979836, 0.261681]
[0.51569253, 0.47611666, 0.3987308, 0.26214674]
[0.51565933, 0.47632396, 0.39910796, 0.26230285]
[0.5155084, 0.47692713, 0.39931393, 0.2620927]
[0.51494914, 0.4771141, 0.399498, 0.2613376]
[0.51440036, 0.47638807, 0.3990784, 0.26129732]
[0.51551646, 0.47694558, 0.39909983, 0.26092222]
[0.5156582, 0.47611386, 0.39923123, 0.26146957]
[0.5175308, 0.47520038, 0.39846763, 0.26190498]
[0.51783824, 0.47467896, 0.3992761, 0.26225945]
[0.51756614, 0.47381356, 0.39888224, 0.26244068]
[0.5173447, 0.47288713, 0.3985056, 0.2615822]
[0.51654255, 0.47256276, 0.39802414, 0.2620761]
[0.5164001, 0.4730686, 0.39785773, 0.26246572]
[0.5161176, 0.473109, 0.39752895, 0.26221666]
[0.5156362, 0.472786, 0.39805472, 0.262751]
[0.51487625, 0.47256082, 0.3982927, 0.2632187]
[0.51517874, 0.47186697, 0.39865947, 0.26335195]
[0.5156893, 0.4715205, 0.39884987, 0.26330116]
[0.5170979, 0.47065747, 0.39922994, 0.26274934]
[0.51724344, 0.47070786, 0.3997185, 0.26304808]
[0.51785606, 0.46999434, 0.3994873, 0.26278144]
[0.51835805, 0.47004303, 0.39880085, 0.26266026]
[0.51812893, 0.46976614, 0.3995776, 0.2638756]
[0.51883304, 0.47015396, 0.40039986, 0.2640801]
[0.51902664, 0.47001246, 0.3994, 0.26362395]
[0.51863647, 0.47020492, 0.39990285, 0.26465896]
[0.5189399, 0.47114825, 0.3991131, 0.26447222]
[0.51930046, 0.4715133, 0.39869472, 0.26463547]
[0.5199113, 0.47196147, 0.39861774, 0.26477167]
[0.5196857, 0.47199142, 0.39925486, 0.26477927]
[0.51892585, 0.47182903, 0.39933756, 0.26479617]
[0.51889133, 0.47158584, 0.39959636, 0.26428753]
[0.5192022, 0.47118056, 0.39958113, 0.2648926]
[0.5186397, 0.4721828, 0.39910892, 0.2649145]
[0.5185398, 0.472836, 0.39935392, 0.26454362]
[0.5192452, 0.47359946, 0.4001933, 0.26526758]
[0.5191711, 0.474009, 0.40044594, 0.26595283]
[0.5190196, 0.47366038, 0.39975995, 0.26551017]
[0.51986, 0.47273046, 0.39956486, 0.26601833]
[0.51947886, 0.4726308, 0.39916044, 0.26544693]
[0.51925415, 0.4738701, 0.3989311, 0.26548144]
[0.5189484, 0.47352993, 0.39849806, 0.26523706]
[0.5186241, 0.47378042, 0.39878663, 0.2653903]
[0.51881, 0.47292492, 0.3988669, 0.2651956]
[0.51878667, 0.47336748, 0.39960802, 0.26528838]
[0.5192094, 0.47357097, 0.40004453, 0.2644077]
[0.51964456, 0.47409278, 0.40044072, 0.26508492]
[0.51926935, 0.4741413, 0.40028074, 0.26535302]
[0.5200315, 0.47476038, 0.39973804, 0.2647157]
[0.51909876, 0.47579783, 0.40042737, 0.26423675]
[0.519758, 0.4758248, 0.40109327, 0.2646979]
[0.51920855, 0.47457555, 0.40077764, 0.26347902]
[0.5185451, 0.47478303, 0.4003607, 0.26327613]
[0.5182602, 0.47477105, 0.39933458, 0.2635088]
[0.5179725, 0.47494772, 0.39881358, 0.26356313]
[0.5179664, 0.47418213, 0.39840752, 0.26342204]
[0.517994, 0.47498065, 0.3981666, 0.26371387]
[0.5187189, 0.4747018, 0.39950314, 0.26391098]
[0.5187563, 0.47438517, 0.39831415, 0.26314947]
[0.51879424, 0.47410256, 0.39809814, 0.26298812]
[0.5178516, 0.4745678, 0.39839032, 0.26320052]
[0.51745707, 0.4752113, 0.39804277, 0.2636164]
[0.51804245, 0.47364178, 0.3984531, 0.26443103]
[0.5181359, 0.47142535, 0.3983912, 0.2640018]
[0.5182062, 0.47110495, 0.39864218, 0.26437855]
[0.5184534, 0.47161797, 0.3986919, 0.26426166]
[0.51847094, 0.4724157, 0.3989694, 0.26458296]
[0.517776, 0.47192422, 0.3992763, 0.26414698]
[0.5174846, 0.47186556, 0.39886454, 0.2634473]
[0.51812047, 0.47195023, 0.40004414, 0.2647434]
[0.51872766, 0.47295055, 0.39940503, 0.2648592]
[0.5186156, 0.47296813, 0.3996215, 0.26542914]
[0.51874954, 0.47310144, 0.39995104, 0.2654019]
[0.5189743, 0.47329146, 0.39916298, 0.2652985]
[0.51954454, 0.47336638, 0.39932546, 0.26571774]
[0.5190672, 0.47426766, 0.39855874, 0.26518476]
[0.5184474, 0.47343838, 0.39933825, 0.26550958]
[0.5187689, 0.47387397, 0.39983383, 0.26583245]
[0.51914185, 0.47481838, 0.40030456, 0.26525438]
[0.51845247, 0.4752623, 0.4003092, 0.26510787]
[0.5180366, 0.47642708, 0.40106967, 0.265864]
[0.51825154, 0.47705373, 0.40032092, 0.26546562]
[0.5194133, 0.47662222, 0.39983693, 0.26478434]
[0.5193103, 0.4755782, 0.4001368, 0.26512662]
[0.51922834, 0.474883, 0.3999086, 0.26533803]
[0.5192972, 0.47503868, 0.39969927, 0.26521128]
[0.5189941, 0.47449976, 0.39901248, 0.26457483]
[0.5191442, 0.47428915, 0.3992408, 0.26422462]
[0.5187838, 0.47465208, 0.39921492, 0.26411498]
[0.5187613, 0.47453287, 0.39980054, 0.2644645]
[0.519309, 0.47434947, 0.40006843, 0.26422665]
[0.51811713, 0.47330177, 0.3998169, 0.26417497]
[0.518174, 0.47276708, 0.40019393, 0.2646048]
[0.5180459, 0.4739481, 0.3986843, 0.2640815]
[0.51770234, 0.47303, 0.39913097, 0.26445046]
[0.5179854, 0.47260964, 0.39894468, 0.2647596]
[0.5186664, 0.47258127, 0.3988489, 0.26440454]
[0.51870626, 0.47301424, 0.39894947, 0.26422447]
[0.5177644, 0.47346613, 0.39902094, 0.26417407]
[0.5180387, 0.47342688, 0.39943063, 0.2644416]
[0.5178268, 0.47396788, 0.3992637, 0.26493677]
[0.5170832, 0.4737398, 0.399379, 0.2650229]
[0.517094, 0.47402415, 0.39983317, 0.26596922]
[0.51705337, 0.47423875, 0.4002219, 0.26551947]
[0.5160971, 0.47448817, 0.39952242, 0.26500285]
[0.5170243, 0.47441572, 0.39948788, 0.26532486]
[0.5178594, 0.47490153, 0.3999516, 0.26611358]
[0.5175574, 0.47505805, 0.39934725, 0.26581472]
[0.517248, 0.47502545, 0.39884755, 0.26547137]
[0.51813555, 0.47347605, 0.39910418, 0.2652652]
[0.5180978, 0.47228906, 0.3987863, 0.26475054]
[0.5182813, 0.4728312, 0.39915338, 0.26540688]
[0.5187348, 0.4718044, 0.3993378, 0.26549146]
[0.5195455, 0.47214168, 0.3986693, 0.26493087]
[0.5200449, 0.4715507, 0.3987197, 0.26496902]
[0.5206297, 0.47183245, 0.39736798, 0.26421252]
[0.520665, 0.47208893, 0.39725044, 0.26451382]
[0.5217764, 0.4730232, 0.39787123, 0.26461226]
[0.5215258, 0.4733517, 0.39806694, 0.2655632]
[0.52055883, 0.47264683, 0.39783475, 0.26548102]
[0.52034944, 0.4732308, 0.39812043, 0.26538292]
[0.5201119, 0.47267, 0.3986539, 0.26564223]
[0.52024156, 0.47264874, 0.3984524, 0.26558512]
[0.5202227, 0.47315422, 0.3978534, 0.26502857]
[0.5208151, 0.47329345, 0.39825934, 0.26527536]
[0.5201521, 0.4733519, 0.39843798, 0.2654554]
[0.5201848, 0.47259766, 0.39836276, 0.2656426]
[0.5204958, 0.4726599, 0.39746198, 0.265522]
[0.52078474, 0.47241703, 0.39748892, 0.26505756]
[0.52080625, 0.4721158, 0.39837936, 0.26622042]
[0.5208488, 0.47389898, 0.3976879, 0.26639247]
[0.52102065, 0.47326773, 0.39791673, 0.2671762]
[0.51909196, 0.47333735, 0.3977944, 0.2666835]
[0.5198128, 0.4736608, 0.39806992, 0.2667808]
[0.52075285, 0.47300223, 0.39796534, 0.26699752]
[0.52002645, 0.47435996, 0.39815956, 0.26562044]
[0.5210193, 0.47469172, 0.39827743, 0.26619676]
[0.5202647, 0.47487018, 0.3979083, 0.26598486]
[0.5200415, 0.47525567, 0.3988932, 0.26619193]
[0.51974213, 0.47483543, 0.3984689, 0.26614377]
[0.51949996, 0.47404742, 0.39789656, 0.26562878]
[0.5188509, 0.4752082, 0.39799643, 0.26566324]
[0.5186499, 0.47475606, 0.39795864, 0.26627353]
[0.51835185, 0.47472706, 0.39801404, 0.26604566]
[0.5188364, 0.47412258, 0.39871758, 0.2668561]
[0.5194837, 0.474012, 0.39835167, 0.26733118]
[0.519, 0.47381687, 0.39878651, 0.26779553]
[0.5191941, 0.47372508, 0.3987335, 0.26834637]
[0.51971495, 0.4731254, 0.398596, 0.26889518]
[0.5188967, 0.47308868, 0.3988426, 0.2687683]
[0.5186586, 0.47337204, 0.3996403, 0.26936975]
[0.5187216, 0.47368452, 0.3995715, 0.26923373]
[0.5194889, 0.4744426, 0.39968365, 0.26977324]
[0.5196612, 0.4753677, 0.4001753, 0.26971444]
[0.5197021, 0.47538787, 0.40015128, 0.26931462]
[0.5193213, 0.4741062, 0.40015006, 0.26990482]
[0.51921076, 0.47370896, 0.39979476, 0.2696941]
[0.5190219, 0.4733423, 0.4000197, 0.26938605]
[0.51906836, 0.47288278, 0.4003007, 0.26966587]
[0.51824903, 0.4734197, 0.40004605, 0.27007636]
[0.5181469, 0.47365415, 0.39986005, 0.2707261]
[0.51700133, 0.4753692, 0.3999671, 0.269922]
[0.51619357, 0.4749534, 0.39983428, 0.2698179]
[0.5156423, 0.47532788, 0.39970914, 0.27004105]
[0.5158083, 0.4749834, 0.39957643, 0.27003333]
[0.515509, 0.47470385, 0.39925596, 0.27074963]
[0.51598614, 0.4752301, 0.3999855, 0.27061334]
[0.5162883, 0.47515827, 0.39997968, 0.2702073]
[0.5167727, 0.47434258, 0.40012452, 0.27038977]
[0.517129, 0.47352347, 0.3995458, 0.26923916]
[0.5171614, 0.47312382, 0.39992347, 0.26964813]
[0.516339, 0.47413483, 0.4007349, 0.27028102]
[0.5157356, 0.47439492, 0.4005749, 0.26960292]
[0.51526874, 0.47376195, 0.40034452, 0.26932687]
[0.5144949, 0.47432107, 0.39999044, 0.27007762]
[0.51485384, 0.47406223, 0.39964896, 0.27061847]
[0.5145926, 0.47351664, 0.3994902, 0.27086937]
[0.51427424, 0.47328007, 0.39913636, 0.27084577]
[0.51413244, 0.4733953, 0.3987854, 0.27113828]
[0.51430076, 0.47336665, 0.39787194, 0.27052033]
[0.51482064, 0.47229558, 0.39838913, 0.27095667]
[0.5152861, 0.47149467, 0.3984866, 0.27125075]
[0.5156133, 0.47076508, 0.39857376, 0.2709765]
[0.5155953, 0.47165713, 0.3980347, 0.27115685]
[0.5158188, 0.47225112, 0.39815953, 0.27108085]
[0.5158818, 0.47114593, 0.39872444, 0.270552]
[0.5150889, 0.4716858, 0.3989005, 0.2705623]
[0.5152103, 0.4714566, 0.39854565, 0.27077666]
[0.51539725, 0.47099137, 0.39873645, 0.27057794]
[0.5149614, 0.47184908, 0.39861777, 0.27076995]
[0.5148944, 0.4719982, 0.39838624, 0.2707035]
[0.5152824, 0.47165483, 0.3984729, 0.270875]
[0.5154857, 0.4720419, 0.3983268, 0.27079585]
[0.51527226, 0.4721485, 0.3971741, 0.27090046]
[0.5146787, 0.47225255, 0.39688185, 0.2707843]
[0.51466626, 0.47235608, 0.39670998, 0.2702201]
[0.51522547, 0.47160938, 0.3974646, 0.2703027]
[0.5154573, 0.4713292, 0.39759508, 0.2704025]
[0.515117, 0.4713657, 0.39632392, 0.2697974]
[0.5149135, 0.4718266, 0.3961382, 0.27025372]
[0.5148855, 0.4714626, 0.396748, 0.2703744]
[0.5157817, 0.47029823, 0.39693284, 0.27022696]
[0.51559895, 0.4697025, 0.39743677, 0.2700881]
[0.51450324, 0.46923614, 0.3976016, 0.27041695]
[0.5141692, 0.47047088, 0.39737982, 0.269866]
[0.51420575, 0.47060227, 0.39768192, 0.2703657]
[0.5138735, 0.4701627, 0.39764336, 0.2699579]
[0.5144532, 0.4700364, 0.39807427, 0.27014187]
[0.5141622, 0.46924937, 0.3991402, 0.27030525]
[0.513586, 0.46946537, 0.39914885, 0.27045393]
[0.5138467, 0.47006935, 0.39930356, 0.27006418]
[0.51379526, 0.4701296, 0.39864674, 0.27024332]
[0.5134168, 0.4700264, 0.39810193, 0.27035588]
[0.51233786, 0.47023764, 0.39765793, 0.2702227]
[0.5123629, 0.47072873, 0.39752772, 0.27048394]
[0.51221, 0.47038937, 0.39725062, 0.27063385]
[0.51162344, 0.46928632, 0.3967791, 0.27008998]
[0.5123087, 0.46937677, 0.39660046, 0.27049926]
[0.51156336, 0.4691738, 0.39621657, 0.27071592]
[0.5113467, 0.46911827, 0.3971336, 0.27057835]
[0.5114488, 0.46868458, 0.39681178, 0.26974863]
[0.51154095, 0.46855953, 0.39657226, 0.26995242]
[0.5105827, 0.46751204, 0.39684147, 0.27028418]
[0.51135826, 0.46669927, 0.39718622, 0.2696949]
[0.51092064, 0.46613455, 0.39728904, 0.27004766]
[0.5113057, 0.46584764, 0.39727667, 0.27068365]
[0.511775, 0.46620604, 0.3974236, 0.27046302]
[0.511517, 0.4659643, 0.39747295, 0.2703635]
[0.5112635, 0.46531233, 0.39747575, 0.2696115]
[0.51125413, 0.4659565, 0.398423, 0.2696251]
[0.51096934, 0.46640742, 0.39836898, 0.26985952]
[0.51165473, 0.46546975, 0.39833978, 0.26984096]
[0.51240426, 0.4651075, 0.3981266, 0.27012816]
[0.51225615, 0.46489334, 0.39829865, 0.27055964]
[0.51155734, 0.46447542, 0.39883295, 0.2703855]
[0.5108569, 0.46459028, 0.3994767, 0.2712281]
[0.51066226, 0.46443942, 0.39965457, 0.27135456]
[0.51004326, 0.46378776, 0.3993738, 0.2710474]
[0.5095713, 0.46408525, 0.3991287, 0.27163556]
[0.508538, 0.46506423, 0.39911774, 0.27102432]
[0.50856644, 0.4644131, 0.39888078, 0.27164412]
[0.50847226, 0.46347064, 0.39968756, 0.27127513]
[0.5086719, 0.46353772, 0.39991584, 0.27199116]
[0.5087822, 0.46268967, 0.39983, 0.27174318]
[0.50848025, 0.46310085, 0.39995897, 0.27224094]
[0.5088128, 0.46323887, 0.400622, 0.27262607]
[0.508394, 0.46266183, 0.40060735, 0.27208886]
[0.507867, 0.4625498, 0.39993167, 0.27191627]
[0.5081725, 0.46272254, 0.39944577, 0.2719414]
[0.5087104, 0.46189162, 0.39920297, 0.2721134]
[0.50984883, 0.46161646, 0.39917773, 0.27269447]
[0.5101204, 0.46117148, 0.39956126, 0.27301756]
[0.50960225, 0.46089384, 0.3997676, 0.2733279]
[0.509454, 0.46136162, 0.40051717, 0.27347377]
[0.5088567, 0.461708, 0.4000625, 0.2732921]
[0.50996685, 0.46223125, 0.40071288, 0.27380764]
[0.50953126, 0.46251506, 0.40091464, 0.27362755]
[0.50980896, 0.46236393, 0.40010884, 0.2735751]
[0.510092, 0.46384758, 0.4007225, 0.2732263]
[0.5097687, 0.4648221, 0.40012917, 0.2733801]
[0.5090359, 0.46452188, 0.40020254, 0.27378616]
[0.509063, 0.46428427, 0.39971614, 0.27361956]
[0.5091497, 0.46388802, 0.39963242, 0.27446273]
[0.508062, 0.46314752, 0.3990725, 0.2743794]
[0.50765413, 0.46361524, 0.39973134, 0.27470356]
[0.50855577, 0.46416095, 0.3999625, 0.27497002]
[0.5076791, 0.46337694, 0.40058172, 0.2746436]
[0.50771916, 0.46392366, 0.40019965, 0.27420816]
[0.50789917, 0.46379322, 0.40025035, 0.27380615]
[0.50814724, 0.4649775, 0.40025806, 0.27408293]
[0.5091475, 0.46347296, 0.40041098, 0.27477646]
[0.50858796, 0.46376157, 0.40067503, 0.2750597]
[0.5081537, 0.4648579, 0.4007127, 0.2747022]
[0.5068304, 0.46475148, 0.39998212, 0.27417517]
[0.5076277, 0.4650666, 0.39990368, 0.27457884]
[0.507679, 0.46518373, 0.3999782, 0.2745972]
[0.5076774, 0.4651966, 0.40005934, 0.2746687]
[0.50767577, 0.46526238, 0.40009716, 0.27477235]
[0.50770783, 0.46527264, 0.40002337, 0.27477625]
[0.5076379, 0.4652974, 0.3999432, 0.27470082]
[0.5077714, 0.46529353, 0.39998174, 0.27473313]
[0.50773346, 0.46525604, 0.40003124, 0.27475056]
[0.50779885, 0.46534854, 0.40002477, 0.27476782]
[0.50783664, 0.46538374, 0.4000174, 0.27482536]
[0.50784487, 0.465348, 0.4000112, 0.27486667]
[0.50778496, 0.4653738, 0.40002847, 0.27494678]
[0.50778806, 0.46526864, 0.39994335, 0.27491906]
[0.5078963, 0.4653025, 0.3999453, 0.27497008]
[0.5079149, 0.46529314, 0.39994323, 0.2750362]
[0.5079676, 0.46527708, 0.39996707, 0.27501923]
[0.5080881, 0.4651817, 0.3999133, 0.27504343]
[0.50802577, 0.46511585, 0.39986202, 0.27503777]
[0.50798666, 0.46512446, 0.3998973, 0.275013]
[0.5079005, 0.46511707, 0.3999547, 0.27507603]
[0.507898, 0.46509272, 0.3998955, 0.2749298]
[0.5079239, 0.4651075, 0.39993435, 0.2749616]
[0.5079294, 0.4651257, 0.39992717, 0.27500087]
[0.507981, 0.46523812, 0.39992374, 0.27500185]
[0.50796276, 0.46529052, 0.3999264, 0.2749502]
[0.5080129, 0.46520182, 0.39997143, 0.27496988]
[0.50798076, 0.46510538, 0.39988765, 0.27495882]
[0.507979, 0.4650992, 0.3998548, 0.27489534]
[0.5080172, 0.46508121, 0.39985815, 0.27489772]
[0.5080181, 0.46508583, 0.3998793, 0.27489784]
[0.5080841, 0.46521565, 0.39985046, 0.2749523]
[0.5081179, 0.46517342, 0.39988452, 0.2749309]
[0.50815886, 0.46510234, 0.39979383, 0.2748695]
[0.5081897, 0.46516222, 0.39970228, 0.27482277]
[0.50820684, 0.46519518, 0.3997182, 0.2748342]
[0.50810266, 0.4653479, 0.3997365, 0.2747525]
[0.50807333, 0.46544382, 0.39977005, 0.27474406]
[0.50814974, 0.4654183, 0.39982066, 0.2747617]
[0.50821584, 0.4654863, 0.39989665, 0.27492458]
[0.5081928, 0.4654811, 0.3998581, 0.27487054]
[0.5083262, 0.4654422, 0.39987728, 0.27487934]
[0.5082181, 0.46545893, 0.3998577, 0.27486107]
[0.50807583, 0.46540368, 0.39971253, 0.27481094]
[0.5080376, 0.46540454, 0.39976496, 0.27492175]
[0.5081261, 0.46541265, 0.3998752, 0.2749088]
[0.50810176, 0.46537793, 0.39986855, 0.2748389]
[0.5082975, 0.46525002, 0.3999033, 0.27483797]
[0.50829726, 0.4652514, 0.39991418, 0.27486762]
[0.5083261, 0.46513286, 0.39990446, 0.27483332]
[0.50826967, 0.4651111, 0.39987445, 0.27484208]
[0.5082184, 0.4651099, 0.39982158, 0.27480978]
[0.50826335, 0.46508163, 0.39991188, 0.2748368]
[0.5082559, 0.46508735, 0.39998907, 0.27483082]
[0.50815946, 0.46512643, 0.40005487, 0.2748229]
[0.5080659, 0.46518576, 0.40008375, 0.2747728]
[0.50809526, 0.4651853, 0.4000848, 0.27475864]
[0.50811225, 0.4652131, 0.3999213, 0.27468377]
[0.5081575, 0.46519077, 0.39993638, 0.2747162]
[0.5082451, 0.46528623, 0.40009114, 0.27474976]
[0.5082544, 0.46529117, 0.40011692, 0.27474216]
[0.5081931, 0.4652495, 0.40011787, 0.27469558]
[0.5081661, 0.46526548, 0.40009516, 0.27461386]
[0.5081594, 0.46537182, 0.4001467, 0.27459434]
[0.5081579, 0.46542728, 0.40015805, 0.27460927]
[0.50812745, 0.46545616, 0.40022042, 0.2746252]
[0.50814456, 0.4654597, 0.4003083, 0.27467367]
[0.50820035, 0.46551853, 0.4002969, 0.27467072]
[0.5082555, 0.46555254, 0.4003329, 0.2746867]
[0.508285, 0.46565932, 0.4003471, 0.27469227]
[0.50823617, 0.46563154, 0.40024537, 0.2746605]
[0.50816464, 0.46564308, 0.40028337, 0.27472052]
[0.5082104, 0.46561673, 0.40029585, 0.2748136]
[0.5081275, 0.4655952, 0.40024814, 0.27468613]
[0.5081585, 0.46564338, 0.40024924, 0.2746316]
[0.50821185, 0.46568245, 0.40027502, 0.27457502]
[0.50827706, 0.46563, 0.40031713, 0.2745605]
[0.50822026, 0.46563402, 0.4001748, 0.2744978]
[0.50821304, 0.46563637, 0.40025678, 0.27455747]
[0.50831985, 0.46573928, 0.40038764, 0.27461338]
[0.5083157, 0.4658002, 0.40037736, 0.27464917]
[0.5083123, 0.46573278, 0.40042654, 0.27466968]
[0.5084346, 0.46572977, 0.4004633, 0.27473116]
[0.5084249, 0.46578434, 0.40048763, 0.27478632]
[0.5083456, 0.46572044, 0.4003895, 0.27469146]
[0.5083409, 0.465712, 0.40043393, 0.274761]
[0.50829715, 0.465794, 0.4004704, 0.27476785]
[0.5082986, 0.46589607, 0.40047362, 0.27479413]
[0.5083997, 0.465855, 0.4003971, 0.27479875]
[0.50828946, 0.46600026, 0.4002774, 0.27473375]
[0.5082114, 0.4659628, 0.40032217, 0.27474004]
[0.5081679, 0.46590856, 0.40032122, 0.2747392]
[0.5082199, 0.46583343, 0.40023658, 0.2747008]
[0.5082066, 0.4658699, 0.4002773, 0.27469411]
[0.50821024, 0.46589652, 0.4002995, 0.274714]
[0.508286, 0.46588856, 0.40027735, 0.27471995]
[0.5083176, 0.46595284, 0.40029448, 0.27465332]
[0.50820464, 0.4658408, 0.40026587, 0.2746504]
[0.5081725, 0.46585086, 0.40031865, 0.27463952]
[0.5082461, 0.46583208, 0.40036952, 0.27472904]
[0.50827533, 0.46574783, 0.4003577, 0.27484655]
[0.5082951, 0.4657153, 0.400405, 0.27478564]
[0.50823396, 0.4657089, 0.40038398, 0.27467203]
[0.5082473, 0.4656831, 0.40035284, 0.27462527]
[0.50825024, 0.4656817, 0.4003682, 0.27464768]
[0.5081826, 0.465706, 0.40028828, 0.27461812]
[0.5081186, 0.46562117, 0.40026513, 0.27459463]
[0.5081334, 0.46556124, 0.40028203, 0.27459997]
[0.50799805, 0.46555674, 0.40021247, 0.27453598]
[0.508069, 0.46556222, 0.40022528, 0.27447855]
[0.5080024, 0.46553123, 0.40026504, 0.2744422]
[0.50796723, 0.46563217, 0.4002863, 0.2744928]
[0.5079518, 0.46562052, 0.4001979, 0.27439427]
[0.5081152, 0.46557477, 0.40024588, 0.27442667]
[0.5081132, 0.4656825, 0.40033305, 0.2744927]
[0.50812787, 0.46567857, 0.4003678, 0.274552]
[0.5081384, 0.4656544, 0.4003415, 0.27459332]
[0.5082088, 0.46561995, 0.40034094, 0.27454606]
[0.50819516, 0.46571192, 0.40032512, 0.274552]
[0.50818086, 0.46566334, 0.40037897, 0.27467185]
[0.50829655, 0.46567625, 0.40037343, 0.2747251]
[0.50826067, 0.46568647, 0.40036198, 0.27467784]
[0.5081359, 0.46570665, 0.4003447, 0.27469492]
[0.5080762, 0.46571967, 0.40036076, 0.27467296]
[0.5080708, 0.46580216, 0.4003251, 0.2746155]
[0.5081028, 0.46580222, 0.40040812, 0.27466556]
[0.508091, 0.46587726, 0.40042362, 0.27469617]
[0.5081497, 0.465924, 0.40036562, 0.27469632]
[0.50820667, 0.46594808, 0.40031815, 0.27466628]
[0.50820005, 0.46586987, 0.40036434, 0.27465633]
[0.5081943, 0.46594533, 0.40037584, 0.27472892]
[0.508334, 0.46591768, 0.40047982, 0.2748221]
[0.5084318, 0.46585247, 0.4005312, 0.27479607]
[0.508431, 0.46573597, 0.4005586, 0.27480406]
[0.5083699, 0.4657291, 0.40050873, 0.2746934]
[0.5084202, 0.46567515, 0.4006046, 0.27462465]
[0.50841135, 0.4656247, 0.40062255, 0.27461046]
[0.5084627, 0.46567315, 0.40062544, 0.27463147]
[0.5085449, 0.465691, 0.40052944, 0.2745938]
[0.508565, 0.46570173, 0.40060323, 0.2746342]
[0.50857776, 0.46574444, 0.40061328, 0.2746277]
[0.50854695, 0.4657595, 0.40058544, 0.27457055]
[0.50853574, 0.4656748, 0.4005677, 0.2745336]
[0.508574, 0.46574995, 0.4005489, 0.27452192]
[0.5087059, 0.46575692, 0.40060073, 0.27456924]
[0.5087913, 0.46581274, 0.400544, 0.27460593]
[0.50887865, 0.46591443, 0.4004668, 0.2745157]
[0.5089089, 0.46588883, 0.4004453, 0.274499]
[0.50885934, 0.46585023, 0.40046334, 0.2744844]
[0.5088678, 0.46598095, 0.40041095, 0.2744842]
[0.5088739, 0.46605355, 0.4003726, 0.27451536]
[0.5087933, 0.466029, 0.40031177, 0.27444994]
[0.50880873, 0.46605134, 0.4004083, 0.27442378]
[0.5087989, 0.46594432, 0.4004902, 0.27448663]
[0.50877774, 0.465804, 0.4004236, 0.27443418]
[0.50879, 0.46581835, 0.40040335, 0.27444035]
[0.5090048, 0.46575236, 0.4003819, 0.274487]
[0.5090537, 0.4657267, 0.40033185, 0.27455068]
[0.5091263, 0.4655793, 0.40038535, 0.2745981]
[0.5092016, 0.4654256, 0.4004532, 0.27466437]
[0.50914806, 0.4654009, 0.40046912, 0.2746737]
[0.50909835, 0.46534693, 0.40060523, 0.27474058]
[0.5091108, 0.4653139, 0.40058604, 0.2747834]
[0.50913966, 0.4653415, 0.40061182, 0.274765]
[0.50925195, 0.46534786, 0.40059564, 0.27476335]
[0.5091839, 0.46548116, 0.4004636, 0.27459547]
[0.5090481, 0.46545526, 0.40040967, 0.27453366]
[0.50897574, 0.46550488, 0.40032706, 0.2745039]
[0.50902414, 0.4655177, 0.4003816, 0.27460387]
[0.5089955, 0.46545243, 0.40034112, 0.27455384]
[0.5090863, 0.4654758, 0.4003201, 0.27457324]
[0.50906223, 0.46541592, 0.40035716, 0.27462938]
[0.50910586, 0.4654066, 0.40027747, 0.27448842]
[0.5091084, 0.46533236, 0.40025166, 0.2744981]
[0.5091698, 0.46538413, 0.40032357, 0.27447557]
[0.5090701, 0.4653965, 0.4003447, 0.27444297]
[0.5091343, 0.4653722, 0.40036318, 0.274506]
[0.5091527, 0.46536234, 0.40026757, 0.2744572]
[0.5090518, 0.4652822, 0.40028659, 0.27442423]
[0.5089886, 0.46536702, 0.40033013, 0.27448335]
[0.5089576, 0.46540958, 0.4001609, 0.2743911]
[0.5090065, 0.46552858, 0.40013343, 0.27439043]
[0.50908345, 0.4655633, 0.40010694, 0.27433813]
[0.5091263, 0.46558714, 0.40010524, 0.2744284]
[0.5091289, 0.46559143, 0.4000836, 0.27447367]
[0.5090059, 0.4655439, 0.40004152, 0.2744426]
[0.5089184, 0.46552655, 0.4000017, 0.27444202]
[0.50885993, 0.46556076, 0.39998797, 0.2744705]
[0.5089098, 0.46545392, 0.40008256, 0.2744395]
[0.50894755, 0.46538252, 0.40003508, 0.27434847]
[0.5089738, 0.4654171, 0.40005156, 0.274358]
[0.5089315, 0.46545723, 0.40011773, 0.27435]
[0.5089357, 0.46558124, 0.4000872, 0.27435803]
[0.50886524, 0.4655898, 0.40008962, 0.2743574]
[0.508914, 0.46558073, 0.40007433, 0.27432516]
[0.5090039, 0.465559, 0.4001804, 0.2743775]
[0.5091056, 0.4655481, 0.4001692, 0.27439594]
[0.5092368, 0.4654639, 0.4002742, 0.2743924]
[0.50919753, 0.46549845, 0.40023947, 0.27438423]
[0.5091579, 0.46546423, 0.40018854, 0.2743201]
[0.50908774, 0.46553713, 0.40007436, 0.2742949]
[0.50904465, 0.4654334, 0.40006825, 0.27431425]
[0.5090045, 0.46546373, 0.40009055, 0.27446538]
[0.5089806, 0.46546307, 0.40008312, 0.27449834]
[0.508983, 0.4654837, 0.3999971, 0.27432412]
[0.5090085, 0.46555394, 0.3999965, 0.27436337]
[0.5090269, 0.46566448, 0.3999917, 0.2743754]
[0.5089842, 0.4655836, 0.40017644, 0.27448493]
[0.50907034, 0.46549824, 0.40017956, 0.27450937]
[0.5090207, 0.4654281, 0.40016508, 0.27444243]
[0.509025, 0.46539637, 0.40009087, 0.2744136]
[0.5090158, 0.4653994, 0.40008923, 0.27442083]
[0.5089824, 0.46545646, 0.40015852, 0.27445775]
[0.5089635, 0.4655361, 0.40016377, 0.27441043]
[0.50889915, 0.4655794, 0.40009928, 0.27438283]
[0.5089667, 0.4655201, 0.40007788, 0.27438018]
[0.5090238, 0.4654534, 0.40018204, 0.27437872]
[0.50897056, 0.46539527, 0.40013748, 0.27428573]
[0.5090593, 0.4654289, 0.40013424, 0.27433017]
[0.5090325, 0.46546152, 0.40013897, 0.2744123]
[0.5091682, 0.46550062, 0.40016687, 0.27443218]
[0.50914866, 0.4654601, 0.4002252, 0.27456388]
[0.5091475, 0.46552774, 0.40012985, 0.2744572]
[0.5091196, 0.46560866, 0.4001701, 0.27441072]
[0.5090959, 0.46568683, 0.40010747, 0.27433962]
[0.5090279, 0.46570042, 0.4000805, 0.27434304]
[0.50902694, 0.46564466, 0.40001744, 0.27443242]
[0.5090328, 0.46563163, 0.4000302, 0.27439427]
[0.50897634, 0.46554175, 0.39998537, 0.27440915]
[0.5090304, 0.46543798, 0.39991784, 0.27438706]
[0.5090356, 0.46549183, 0.39999092, 0.27437174]
[0.5091201, 0.46541592, 0.40000942, 0.27443752]
[0.50908166, 0.46546456, 0.39994, 0.2743983]
[0.50923955, 0.46550843, 0.39997947, 0.27436504]
[0.50911033, 0.46538177, 0.39997748, 0.27431616]
[0.5091121, 0.4654252, 0.39998046, 0.27430132]
[0.50902456, 0.46544495, 0.39986274, 0.27423862]
[0.50892556, 0.46530452, 0.39980417, 0.27424115]
[0.5089369, 0.46519935, 0.39984939, 0.27417877]
[0.5089869, 0.46514523, 0.39985698, 0.27417612]
[0.50908715, 0.4652157, 0.3998394, 0.27416852]
[0.50918716, 0.46522126, 0.39979294, 0.27418357]
[0.5093187, 0.46523955, 0.3997707, 0.27421108]
[0.5093527, 0.46529132, 0.3996611, 0.2741808]
[0.5093886, 0.4653477, 0.3997356, 0.27422032]
[0.5092902, 0.46538267, 0.3997024, 0.2742366]
[0.5093357, 0.46539685, 0.39970663, 0.27424595]
[0.50945574, 0.46530148, 0.39981994, 0.27431837]
[0.50937366, 0.46524772, 0.3997862, 0.27420306]
[0.5092804, 0.4652185, 0.39976284, 0.27415]
[0.5091228, 0.46530446, 0.39972833, 0.2740398]
[0.50918704, 0.46535596, 0.399745, 0.2740459]
[0.5091886, 0.4653555, 0.3997033, 0.27391735]
[0.5093065, 0.465364, 0.39977238, 0.27396747]
[0.5094246, 0.4652405, 0.3997942, 0.27403104]
[0.5094191, 0.46522737, 0.39986256, 0.2740423]
[0.5093998, 0.46521187, 0.39985898, 0.27402753]
[0.5093499, 0.46528006, 0.39986312, 0.27404642]
[0.50934666, 0.46527326, 0.39987123, 0.27408046]
[0.5093416, 0.46527627, 0.39987803, 0.27408293]
[0.5095023, 0.4653233, 0.39986774, 0.27415234]
[0.50951767, 0.46540436, 0.39983782, 0.2740602]
[0.5096486, 0.4654278, 0.39984173, 0.27409148]
[0.5098176, 0.46549615, 0.39979312, 0.27400672]
[0.50986665, 0.46543273, 0.39983627, 0.27398622]
[0.5099936, 0.4653595, 0.39989382, 0.27407536]
[0.51004374, 0.46542767, 0.39991668, 0.2741449]
[0.51006263, 0.46543998, 0.39977688, 0.27404955]
[0.5100852, 0.46543658, 0.39976048, 0.27394745]
[0.51016486, 0.46534532, 0.3997834, 0.27400535]
[0.5101689, 0.46532714, 0.3998195, 0.27403495]
[0.51018906, 0.46541333, 0.39992356, 0.2740626]
[0.51013875, 0.46540117, 0.3998975, 0.27401453]
[0.51026887, 0.46539012, 0.39996836, 0.27397066]
[0.5101681, 0.46540317, 0.40000224, 0.2739998]
[0.51013803, 0.46534327, 0.40001634, 0.27403295]
[0.510097, 0.465313, 0.3999067, 0.27396598]
[0.5101639, 0.4653034, 0.39985415, 0.2739667]
[0.5101947, 0.46524993, 0.39991555, 0.27401412]
[0.5102081, 0.46523127, 0.40005815, 0.27413762]
[0.5102241, 0.4651262, 0.3999553, 0.27405578]
[0.51017743, 0.46515632, 0.3999555, 0.2741417]
[0.5100724, 0.46515417, 0.3998802, 0.27406123]
[0.5099966, 0.46523738, 0.3999353, 0.27409467]
[0.5100797, 0.46526295, 0.39991796, 0.27420214]
[0.510052, 0.46529597, 0.39996642, 0.274242]
[0.51008135, 0.46532673, 0.39999646, 0.27428746]
[0.51007223, 0.4653861, 0.3999283, 0.2742207]
[0.5100796, 0.4655709, 0.39983055, 0.27419955]
[0.510145, 0.46563762, 0.39997628, 0.27437666]
[0.51009005, 0.4656594, 0.3999256, 0.27433184]
[0.51018965, 0.4656892, 0.39989406, 0.27426708]
[0.5101886, 0.4657181, 0.40001184, 0.2743309]
[0.5101838, 0.4657638, 0.40008587, 0.27429524]
[0.510086, 0.4656791, 0.3999587, 0.27420273]
[0.5101593, 0.46573272, 0.39993697, 0.2742426]
[0.5101064, 0.4657678, 0.39986897, 0.2743102]
[0.5100712, 0.4657291, 0.3998477, 0.27431428]
[0.5101442, 0.46581694, 0.3998873, 0.2742885]
[0.51013935, 0.46575832, 0.39994827, 0.27429852]
[0.5100875, 0.46572995, 0.3999457, 0.27427882]
[0.5099784, 0.4657917, 0.40004918, 0.27426156]
[0.5099135, 0.46567377, 0.4000787, 0.27430817]
[0.5098555, 0.46569216, 0.39991227, 0.27426782]
[0.5098236, 0.46575555, 0.3998077, 0.27417308]
[0.5097195, 0.465754, 0.39983717, 0.2741809]
[0.50983536, 0.46575874, 0.39975917, 0.27419445]
[0.509971, 0.46566454, 0.39984903, 0.27428073]
[0.51003927, 0.4656298, 0.39985576, 0.27433977]
[0.50993204, 0.46569005, 0.39991286, 0.27430505]
[0.50987315, 0.4657681, 0.40001464, 0.27440858]
[0.50986046, 0.46575347, 0.39996925, 0.27439648]
[0.5099126, 0.4658078, 0.39999825, 0.2744017]
[0.50976974, 0.4658376, 0.3999092, 0.27432323]
[0.5097316, 0.4658868, 0.40006956, 0.2744248]
[0.5097275, 0.46582884, 0.40003684, 0.27438945]
[0.5097722, 0.46578473, 0.40009055, 0.27450287]
[0.50987405, 0.4658741, 0.40007892, 0.27454]
[0.5097714, 0.46584645, 0.39999282, 0.274441]
[0.50977665, 0.4658339, 0.4000234, 0.27438945]
[0.5099304, 0.4659444, 0.4000999, 0.27445963]
[0.5100813, 0.46586913, 0.4000901, 0.27448264]
[0.5102009, 0.465894, 0.40010968, 0.27453354]
[0.5101156, 0.46578798, 0.40006432, 0.2744713]
[0.51014346, 0.46572602, 0.40008223, 0.2744849]
[0.51013714, 0.4657216, 0.40010625, 0.27448863]
[0.51028144, 0.46577182, 0.4000195, 0.27449924]
[0.5104287, 0.46568346, 0.40011314, 0.2745866]
[0.51038265, 0.46563622, 0.40008354, 0.27461007]
[0.5103688, 0.46553585, 0.40011743, 0.27459177]
[0.51041836, 0.46536025, 0.40013725, 0.27456653]
[0.5104253, 0.46519703, 0.4001789, 0.27449596]
[0.5104888, 0.46514314, 0.4001665, 0.2744714]
[0.510378, 0.46518964, 0.40018475, 0.27448106]
[0.5104208, 0.46521765, 0.40016252, 0.27448007]
[0.51042247, 0.4650698, 0.4001183, 0.27444983]
[0.5104374, 0.4651123, 0.4002653, 0.27449706]
[0.51041263, 0.46518686, 0.40025115, 0.27453807]
[0.5104133, 0.46507293, 0.40017352, 0.27444]
[0.5104387, 0.4651606, 0.40015364, 0.2744802]
[0.5104581, 0.46510166, 0.40008426, 0.2745344]
[0.5103743, 0.46506926, 0.40007985, 0.2745026]
[0.5102828, 0.465094, 0.40003908, 0.27452353]
[0.51028895, 0.46502617, 0.4001137, 0.2746936]
[0.51017565, 0.46512207, 0.40004987, 0.27467266]
[0.5101367, 0.4650775, 0.39993143, 0.27457112]
[0.51027185, 0.46503538, 0.3998879, 0.27458006]
[0.5103381, 0.46508148, 0.39988348, 0.27461135]
[0.51025176, 0.4650612, 0.3998888, 0.2745606]
[0.5102747, 0.4651029, 0.3999103, 0.27450025]
[0.5102683, 0.46502984, 0.3999895, 0.2746047]
[0.5103018, 0.46500254, 0.40002614, 0.27461916]
[0.5101948, 0.46493644, 0.39995587, 0.27451771]
[0.5101355, 0.46491054, 0.39980233, 0.2744452]
[0.51005, 0.464837, 0.39984834, 0.27442652]
[0.51014674, 0.46489978, 0.39982945, 0.2744162]
[0.51013446, 0.46486363, 0.39978123, 0.27438256]
[0.5101209, 0.46492904, 0.39983797, 0.27444705]
[0.5100958, 0.46491045, 0.39981338, 0.27440816]
[0.5101015, 0.46495992, 0.39973724, 0.2744112]
[0.5100685, 0.46507704, 0.39974004, 0.27437416]
[0.51007324, 0.4650786, 0.399722, 0.27446786]
[0.5100509, 0.46500027, 0.3997136, 0.27449793]
[0.5100879, 0.46500775, 0.39973965, 0.27462286]
[0.5100999, 0.46499977, 0.39968544, 0.27452442]
[0.5100594, 0.4650575, 0.39971006, 0.27462462]
[0.5100374, 0.46509033, 0.3996754, 0.2745869]
[0.5101465, 0.46509182, 0.3998015, 0.27474675]
[0.51013404, 0.46501115, 0.39981845, 0.27478737]
[0.5101338, 0.46502575, 0.39980486, 0.2747384]
[0.5101333, 0.46507654, 0.39982975, 0.2747305]
[0.5100384, 0.4650706, 0.39978763, 0.2747333]
[0.51001275, 0.46500677, 0.3997584, 0.27466765]
[0.5099461, 0.4650564, 0.3998022, 0.2746343]
[0.51002663, 0.46500984, 0.39990288, 0.27454692]
[0.509943, 0.46503142, 0.3999002, 0.2744973]
[0.5099792, 0.4649947, 0.39993945, 0.27448115]
[0.50990576, 0.46494296, 0.39989492, 0.27450913]
[0.50978494, 0.4649056, 0.39985025, 0.2745208]
[0.5097068, 0.46490183, 0.39975303, 0.27443612]
[0.50976896, 0.4648527, 0.3997594, 0.27445138]
[0.509777, 0.4647536, 0.39983055, 0.2745265]
[0.5096757, 0.46469754, 0.3998117, 0.27451614]
[0.50968164, 0.46467316, 0.39991516, 0.27454025]
[0.50972295, 0.4646989, 0.3999185, 0.2745248]
[0.50972587, 0.46472338, 0.39998794, 0.274539]
[0.50968885, 0.4647121, 0.39997905, 0.27457055]
[0.5096518, 0.46471608, 0.40005964, 0.27465174]
[0.50960195, 0.46472892, 0.40009734, 0.274526]
[0.5097521, 0.46475384, 0.40020114, 0.27447817]
[0.50983346, 0.4647275, 0.40011987, 0.2744928]
[0.5098671, 0.46479654, 0.40011042, 0.27447337]
[0.5099299, 0.464881, 0.40008217, 0.2745959]
[0.5099724, 0.46490625, 0.39998835, 0.27450225]
[0.5100025, 0.46493694, 0.39999545, 0.2744707]
[0.50997263, 0.46485338, 0.3999521, 0.27445227]
[0.5099761, 0.4648345, 0.40000847, 0.27447572]
[0.50986737, 0.46471116, 0.4000316, 0.27440622]
[0.5098228, 0.46466568, 0.40005803, 0.2743981]
[0.5099401, 0.46466237, 0.4001098, 0.27442333]
[0.5099485, 0.46473396, 0.40006515, 0.27446908]
[0.50996625, 0.46472427, 0.40005335, 0.2745356]
[0.5099139, 0.46465144, 0.39998066, 0.27445903]
[0.5098883, 0.46466836, 0.39997622, 0.2744177]
[0.5099286, 0.464697, 0.3999777, 0.27447549]
[0.50990933, 0.46476442, 0.39998293, 0.27449667]
[0.509879, 0.46488115, 0.40001842, 0.2744594]
[0.5098599, 0.46489742, 0.4000239, 0.27447134]
[0.50977373, 0.46478838, 0.40003514, 0.27452275]
[0.5097209, 0.46481496, 0.39996952, 0.2745686]
[0.5096797, 0.46477896, 0.39993885, 0.27453658]
[0.50989366, 0.46479696, 0.39998272, 0.27458608]
[0.50986785, 0.46485633, 0.39987892, 0.27453625]
[0.50986594, 0.46478382, 0.39989397, 0.27455202]
[0.50976723, 0.46477154, 0.399924, 0.27456895]
[0.5097938, 0.46475694, 0.40002957, 0.2745975]
[0.50992787, 0.46472684, 0.40009212, 0.27470008]
[0.50997275, 0.46474656, 0.4000624, 0.2746396]
[0.5100226, 0.46461263, 0.40008694, 0.27462557]
[0.5099821, 0.46461278, 0.40006214, 0.2746648]
[0.5099113, 0.46470955, 0.40003347, 0.27471858]
[0.5099582, 0.46471155, 0.40004808, 0.27480352]
[0.50997, 0.46470132, 0.40007696, 0.27481946]
[0.5099505, 0.46469852, 0.40014067, 0.2748549]
[0.5099381, 0.46472126, 0.40008527, 0.2748693]
[0.50994825, 0.4647863, 0.40008232, 0.27483025]
[0.5099277, 0.4648854, 0.4000852, 0.27490488]
[0.51006955, 0.46497875, 0.4001697, 0.2750197]
[0.5101859, 0.4650033, 0.4001219, 0.27505612]
[0.510122, 0.46498638, 0.40002418, 0.27500188]
[0.5100645, 0.46499535, 0.39999872, 0.2749]
[0.51014364, 0.46490526, 0.40009648, 0.27482626]
[0.5101538, 0.464901, 0.40012625, 0.27481762]
[0.5100794, 0.46506757, 0.40007997, 0.2749194]
[0.51001346, 0.4650765, 0.40014747, 0.2750127]
[0.5100797, 0.46500793, 0.40007392, 0.27499914]
[0.51000315, 0.4651113, 0.3999985, 0.2749814]
[0.5099097, 0.46518198, 0.3999756, 0.27491882]
[0.5099295, 0.46520874, 0.39998224, 0.27487555]
[0.5099722, 0.46529925, 0.4000815, 0.27497992]
[0.5100206, 0.4652521, 0.40002584, 0.27498412]
[0.5100749, 0.46533397, 0.39995724, 0.27494994]
[0.51004446, 0.46527943, 0.3999866, 0.2749237]
[0.5099662, 0.4652734, 0.40009698, 0.2749985]
[0.50994843, 0.46527833, 0.40012842, 0.27495793]
[0.5098867, 0.46533197, 0.40015477, 0.27491084]
[0.50994337, 0.46531606, 0.40014914, 0.27490768]
[0.5100078, 0.46527743, 0.40012887, 0.27497596]
[0.51010096, 0.46537754, 0.40021813, 0.27500767]
[0.5100844, 0.46544942, 0.40023717, 0.27503172]
[0.51012874, 0.46545184, 0.40020826, 0.27503917]
[0.51008874, 0.4654676, 0.40008205, 0.27496833]
[0.51005566, 0.4654983, 0.3999657, 0.27484286]
[0.51002157, 0.46551734, 0.3999423, 0.27476215]
[0.5100926, 0.465495, 0.399879, 0.27471226]
[0.51015353, 0.46551242, 0.39994356, 0.27475825]
[0.5100952, 0.46553633, 0.3999305, 0.2747342]
[0.51013356, 0.4654793, 0.39983436, 0.27464956]
[0.5100669, 0.46551302, 0.39982048, 0.27459186]
[0.5100593, 0.46543306, 0.39993668, 0.27465132]
[0.51006037, 0.46544313, 0.3999408, 0.27467388]
[0.5101605, 0.46543917, 0.40000606, 0.2746929]
[0.5102014, 0.4654975, 0.40001988, 0.27468392]
[0.510076, 0.4654371, 0.4000536, 0.2746501]
[0.51003784, 0.4655195, 0.3999865, 0.27468708]
[0.5099143, 0.46551192, 0.39990795, 0.27459607]
[0.5099429, 0.46552294, 0.39987585, 0.27456534]
[0.5099882, 0.46545154, 0.39987954, 0.27455974]
[0.51004857, 0.46533528, 0.39998326, 0.27458856]
[0.5100406, 0.46538746, 0.40003404, 0.27467594]
[0.51004267, 0.4653744, 0.4000387, 0.2746727]
[0.50999963, 0.46528873, 0.40004733, 0.27463487]
[0.5100075, 0.46531555, 0.40002364, 0.27459106]
[0.5100894, 0.46540937, 0.40006855, 0.2745302]
[0.5101034, 0.46543634, 0.39999294, 0.27438262]
[0.50996405, 0.46548408, 0.40006566, 0.2744751]
[0.5100148, 0.46547943, 0.4000296, 0.27443227]
[0.5099906, 0.46532634, 0.40008128, 0.2744678]
[0.5100791, 0.46528077, 0.40009508, 0.27446547]
[0.5101524, 0.46530235, 0.39995143, 0.27434573]
[0.5101505, 0.46530023, 0.4000344, 0.27447486]
[0.51034254, 0.4653775, 0.40016335, 0.27444425]
[0.5103069, 0.46550626, 0.40024343, 0.27448174]
[0.510309, 0.4654941, 0.4002488, 0.27445117]
[0.5103505, 0.4654172, 0.4002695, 0.27442852]
[0.5104365, 0.4654393, 0.40032995, 0.27450567]
[0.5103555, 0.46543977, 0.400393, 0.27446574]
[0.5103605, 0.4654706, 0.4002839, 0.2744107]
[0.5103899, 0.46540225, 0.40015757, 0.27439806]
[0.51048297, 0.46538532, 0.40012425, 0.27439722]
[0.51041996, 0.46529827, 0.40006807, 0.27433532]
[0.5104088, 0.4653324, 0.4000386, 0.27440915]
[0.5104061, 0.46537402, 0.39997017, 0.27439272]
[0.5104467, 0.46534857, 0.39993843, 0.27430812]
[0.5105034, 0.46525177, 0.4000122, 0.27431244]
[0.5105414, 0.46529442, 0.40009934, 0.27438888]
[0.51034755, 0.46528816, 0.4000884, 0.27436998]
[0.5102672, 0.46526882, 0.40001506, 0.2744305]
[0.51023996, 0.4652931, 0.39995247, 0.27448562]
[0.51024425, 0.4653355, 0.39992493, 0.27448988]
[0.5102185, 0.46537402, 0.39991048, 0.2744915]
[0.5102103, 0.4653523, 0.39993548, 0.27452955]
[0.51010144, 0.46543294, 0.39990306, 0.27447233]
[0.51021177, 0.46547395, 0.39994353, 0.2744637]
[0.51028556, 0.46545, 0.39993072, 0.27448547]
[0.51026046, 0.46543542, 0.39987624, 0.2745154]
[0.51028144, 0.465444, 0.3999214, 0.27455702]
[0.5102887, 0.4653522, 0.40001276, 0.27462262]
[0.51022214, 0.46528885, 0.40000537, 0.27462098]
[0.5102815, 0.46530247, 0.40005597, 0.27459872]
[0.51017886, 0.46523327, 0.40000162, 0.2745654]
[0.51016784, 0.4651564, 0.39999816, 0.27450514]
[0.5101153, 0.46514583, 0.39996275, 0.27443475]
[0.51006365, 0.4652449, 0.39995944, 0.27448812]
[0.5101179, 0.4652791, 0.39989063, 0.27445707]
[0.51016724, 0.46537927, 0.39992946, 0.27450377]
[0.5101619, 0.46546093, 0.40007553, 0.27455458]
[0.5100757, 0.4653804, 0.3999856, 0.27456018]
[0.5101159, 0.46540767, 0.3999372, 0.27452973]
[0.51012886, 0.46544087, 0.39989653, 0.27450693]
[0.5101073, 0.46545938, 0.4000144, 0.2745748]
[0.5101803, 0.4655661, 0.40002757, 0.27461666]
[0.5102244, 0.46551898, 0.3999731, 0.2745384]
[0.51018995, 0.4654094, 0.3999346, 0.27449465]
[0.51014435, 0.46550506, 0.39993423, 0.274474]
[0.5101339, 0.46546087, 0.39999932, 0.2745591]
[0.51018786, 0.4655081, 0.40001798, 0.2746217]
[0.5101768, 0.46552047, 0.3999549, 0.2746101]
[0.51011187, 0.46563834, 0.39991447, 0.2746097]
[0.51009375, 0.46569076, 0.39991817, 0.2746631]
[0.510105, 0.46577248, 0.39998597, 0.27477583]
[0.5100438, 0.46586642, 0.39992195, 0.27475852]
[0.51008475, 0.46583703, 0.3999379, 0.27479014]
[0.51008135, 0.4658325, 0.39993626, 0.27488148]
[0.51004493, 0.46586326, 0.39987192, 0.2748857]
[0.51005363, 0.46584615, 0.39990023, 0.2749833]
[0.5100565, 0.46575838, 0.3998817, 0.27501935]
[0.5100357, 0.46568036, 0.39984974, 0.2749953]
[0.51011276, 0.46573034, 0.3998883, 0.27496856]
[0.51001656, 0.46577558, 0.3998885, 0.27494624]
[0.50995547, 0.4657509, 0.3999297, 0.27494565]
[0.5099716, 0.46578884, 0.39994413, 0.27495575]
[0.5099284, 0.46576717, 0.39992926, 0.27496392]
[0.50991464, 0.4657522, 0.39986625, 0.27494183]
[0.50997305, 0.4656552, 0.39988208, 0.27484712]
[0.5100827, 0.4657197, 0.39991423, 0.274885]
[0.51003355, 0.46568036, 0.39988136, 0.27487752]
[0.51002127, 0.4656256, 0.39985353, 0.27488306]
[0.5100543, 0.46566483, 0.39986795, 0.27495438]
[0.5100472, 0.46559477, 0.39988178, 0.2749433]
